Time, x, y, angle, throttle, steer, brake, gear 
0.0,-25.0,139.0,0.0,0.0,0.0,0.0,1
0.07,-25.0,139.0,0.0,0.0,0.0,0.0,1
0.144,-25.0,139.0,0.0,0.0,0.0,0.0,1
0.191,-25.0,139.0,0.0,0.0,0.0,0.0,1
0.264,-25.0,139.0,0.0,0.0,0.0,0.0,1
0.316,-25.0,139.0,0.0,0.0,0.0,0.0,1
0.392,-25.0,139.0,0.0,0.0,0.0,0.0,1
0.441,-25.0,139.0,0.0,0.0,0.0,0.0,1
0.514,-25.0,139.0,0.0,0.0,0.0,0.0,1
0.562,-25.0,139.0,0.0,0.0,0.0,0.0,1
0.633,-25.0,139.0,0.0,0.0,0.0,0.0,1
0.71,-25.0,139.0,0.0,0.0,0.0,0.0,1
0.759,-25.0,139.0,0.0,0.0,0.0,0.0,1
0.834,-25.0,139.0,0.0,0.0,0.0,0.0,1
0.907,-25.0,139.0,0.0,0.0,0.0,0.0,1
0.956,-25.0,139.0,0.0,0.0,0.0,0.0,1
1.028,-25.0,139.0,0.0,0.0,0.0,0.0,1
1.1,-25.0,139.0,0.0,0.0,0.0,0.0,1
1.147,-25.0,139.0,0.0,0.0,0.0,0.0,1
1.218,-25.0,139.0,0.0,0.0,0.0,0.0,1
1.288,-25.0,139.0,0.0,0.0,0.0,0.0,1
1.336,-25.0,139.0,0.0,0.0,0.0,0.0,1
1.409,-25.0,139.0,0.0,0.0,0.0,0.0,1
1.48,-25.0,139.0,0.0,0.0,0.1,0.0,1
1.528,-25.0,139.0,0.0,0.0,0.1,0.0,1
1.599,-25.0,139.0,0.0,0.0,0.1,0.0,1
1.672,-25.0,139.0,0.0,0.0,0.2,0.0,1
1.744,-25.0,139.0,0.0,0.02,0.2,0.0,1
1.791,-25.0,139.0,0.0,0.06,0.2,0.0,1
1.864,-25.0,139.0,0.0,0.11,0.3,0.0,1
1.912,-25.0,139.0,0.0,0.14,0.3,0.0,1
1.983,-25.0,139.0,0.0,0.18,0.3,0.0,1
2.056,-25.0,139.0,0.0,0.23,0.4,0.0,1
2.104,-25.0,139.0,0.0,0.26,0.4,0.0,1
2.175,-25.0,139.0,0.0,0.3,0.4,0.0,1
2.248,-25.0,139.0,0.0,0.35,0.4,0.0,1
2.296,-25.0,139.0,0.0,0.38,0.5,0.0,1
2.368,-25.0,139.0,0.0,0.43,0.5,0.0,1
2.44,-25.0,139.0,0.0,0.47,0.5,0.0,1
2.51,-25.0,139.0,0.0,0.51,0.6,0.0,1
2.558,-25.0,139.0,0.0,0.54,0.6,0.0,1
2.631,-25.0,139.0,0.0,0.59,0.6,0.0,1
2.679,-25.0,139.0,0.0,0.63,0.7,0.0,1
2.75,-25.0,139.0,0.0,0.66,0.7,0.0,1
2.821,-25.0,139.0,0.0,0.71,0.7,0.0,1
2.893,-24.97,139.01,0.46,0.75,0.7,0.0,1
2.94,-24.93,139.03,1.15,0.78,0.7,0.0,1
3.009,-24.86,139.06,2.48,0.83,0.7,0.0,1
3.081,-24.76,139.1,4.2,0.0,0.7,0.0,1
3.151,-24.66,139.15,6.08,0.0,0.7,0.0,1
3.198,-24.58,139.19,7.43,0.0,0.7,0.0,1
3.272,-24.46,139.24,9.1,0.0,0.0,0.0,1
3.319,-24.33,139.28,9.67,0.0,0.0,0.0,1
3.391,-24.24,139.3,9.69,0.0,0.0,0.0,1
3.464,-24.12,139.32,9.69,0.0,0.0,0.0,1
3.534,-24.01,139.34,9.69,0.0,0.0,0.0,1
3.582,-23.94,139.35,9.69,0.0,0.0,0.0,1
3.655,-23.84,139.37,9.69,0.0,0.0,0.0,1
3.724,-23.74,139.38,9.69,0.0,0.0,0.0,1
3.771,-23.68,139.39,9.69,0.0,0.0,0.0,1
3.843,-23.6,139.41,9.69,0.0,0.0,0.0,1
3.891,-23.51,139.42,9.7,0.0,0.1,0.0,1
3.962,-23.46,139.43,9.81,0.0,0.1,0.0,1
4.035,-23.39,139.45,9.99,0.0,0.1,0.0,1
4.106,-23.32,139.46,10.17,0.0,0.2,0.0,1
4.154,-23.28,139.48,10.36,0.0,0.2,0.0,1
4.224,-23.22,139.49,10.65,0.0,0.2,0.0,1
4.296,-23.16,139.51,10.92,0.0,0.2,0.0,1
4.365,-23.11,139.53,11.25,0.0,0.3,0.0,1
4.413,-23.08,139.54,11.49,0.0,0.3,0.0,1
4.462,-23.04,139.56,11.8,0.04,0.3,0.0,1
4.559,-23.0,139.57,12.06,0.07,0.0,0.0,1
4.607,-22.97,139.58,12.11,0.11,0.0,0.0,1
4.655,-22.94,139.59,12.12,0.16,0.0,0.0,1
4.748,-22.91,139.59,12.11,0.2,0.0,0.0,1
4.797,-22.89,139.6,12.11,0.23,0.0,0.0,1
4.87,-22.86,139.6,12.11,0.28,0.0,0.0,1
4.918,-22.83,139.61,12.1,0.32,0.0,0.0,1
4.99,-22.81,139.61,12.1,0.35,0.0,0.0,1
5.064,-22.77,139.62,12.1,0.0,0.0,0.0,1
5.133,-22.73,139.63,12.09,0.0,0.0,0.0,1
5.181,-22.7,139.64,12.09,0.0,0.0,0.0,1
5.25,-22.65,139.65,12.1,0.01,0.0,0.0,1
5.322,-22.61,139.66,12.09,0.05,0.0,0.0,1
5.391,-22.57,139.67,12.1,0.08,0.0,0.0,1
5.437,-22.55,139.67,12.1,0.12,0.0,0.0,1
5.509,-22.51,139.68,12.09,0.17,0.0,0.0,1
5.58,-22.48,139.68,12.09,0.21,0.0,0.0,1
5.627,-22.46,139.69,12.09,0.24,0.0,0.0,1
5.697,-22.43,139.69,12.08,0.29,0.0,0.0,1
5.768,-22.4,139.7,12.09,0.33,0.0,0.0,1
5.815,-22.38,139.71,12.09,0.36,0.0,0.0,1
5.886,-22.35,139.71,12.1,0.4,0.0,0.0,1
5.958,-22.3,139.72,12.11,0.45,0.0,0.0,1
6.003,-22.25,139.73,12.11,0.49,0.0,0.0,1
6.074,-22.2,139.75,12.11,0.52,0.0,0.0,1
6.143,-22.15,139.75,12.11,0.56,0.0,0.0,1
6.215,-22.08,139.77,12.11,0.61,0.0,0.0,1
6.285,-21.99,139.79,12.11,0.65,0.0,0.0,1
6.354,-21.89,139.81,12.11,0.68,0.0,0.0,1
6.4,-21.82,139.82,12.11,0.0,0.0,0.0,1
6.472,-21.71,139.85,12.11,0.0,0.0,0.0,1
6.541,-21.6,139.87,12.11,0.0,0.0,0.0,1
6.588,-21.53,139.89,12.11,0.0,0.0,0.0,1
6.658,-21.43,139.91,12.11,0.0,0.0,0.0,1
6.729,-21.34,139.93,12.11,0.0,0.0,0.0,1
6.776,-21.25,139.95,12.11,0.0,0.0,0.0,1
6.846,-21.19,139.96,12.11,0.0,0.0,0.0,1
6.919,-21.1,139.98,12.11,0.0,0.0,0.0,1
6.992,-21.03,140.0,12.11,0.0,0.0,0.0,1
7.039,-20.98,140.01,12.11,0.0,0.0,0.0,1
7.108,-20.91,140.02,12.11,0.0,0.0,0.0,1
7.178,-20.84,140.04,12.11,0.0,0.0,0.0,1
7.247,-20.78,140.05,12.11,0.01,0.0,0.0,1
7.313,-20.73,140.06,12.11,0.04,0.0,0.0,1
7.358,-20.7,140.07,12.11,0.08,0.0,0.0,1
7.406,-20.66,140.08,12.11,0.13,0.0,0.0,1
7.5,-20.62,140.08,12.11,0.17,0.0,0.0,1
7.548,-20.59,140.09,12.1,0.2,0.0,0.0,1
7.621,-20.55,140.1,12.1,0.25,0.0,0.0,1
7.691,-20.51,140.11,12.11,0.29,0.0,0.0,1
7.739,-20.49,140.11,12.12,0.32,0.0,0.0,1
7.808,-20.45,140.12,12.14,0.36,0.0,0.0,1
7.88,-20.41,140.13,12.14,0.0,0.0,0.0,1
7.928,-20.35,140.14,12.14,0.0,0.0,0.0,1
8.001,-20.32,140.15,12.14,0.0,0.0,0.0,1
8.073,-20.26,140.16,12.14,0.0,0.0,0.0,1
8.122,-20.22,140.17,12.14,0.0,0.0,0.0,1
8.195,-20.17,140.18,12.14,0.0,0.0,0.0,1
8.267,-20.12,140.19,12.14,0.0,0.0,0.0,1
8.315,-20.09,140.2,12.14,0.0,0.0,0.0,1
8.386,-20.05,140.21,12.13,0.0,-0.1,0.0,1
8.456,-20.01,140.21,12.04,0.0,-0.1,0.0,1
8.526,-19.97,140.22,11.95,0.0,-0.1,0.0,1
8.572,-19.95,140.22,11.89,0.0,-0.1,0.0,1
8.641,-19.91,140.23,11.75,0.0,-0.2,0.0,1
8.688,-19.88,140.23,11.62,0.0,0.0,0.0,1
8.784,-19.85,140.24,11.6,0.03,0.0,0.0,1
8.831,-19.83,140.24,11.6,0.07,0.0,0.0,1
8.904,-19.81,140.24,11.6,0.12,0.0,0.0,1
8.975,-19.79,140.25,11.6,0.16,0.0,0.0,1
9.022,-19.78,140.25,11.6,0.19,0.0,0.0,1
9.092,-19.77,140.25,11.6,0.24,0.0,0.0,1
9.163,-19.75,140.26,11.6,0.28,0.0,0.0,1
9.211,-19.74,140.26,11.61,0.31,0.0,0.0,1
9.282,-19.72,140.26,11.61,0.36,0.0,0.0,1
9.354,-19.7,140.27,11.61,0.4,0.0,0.0,1
9.402,-19.68,140.27,11.62,0.43,0.0,0.0,1
9.474,-19.64,140.28,11.62,0.48,0.0,0.0,1
9.544,-19.6,140.29,11.6,0.0,0.0,0.0,1
9.613,-19.55,140.3,11.6,0.0,0.0,0.0,1
9.659,-19.52,140.3,11.55,0.0,-0.1,0.0,1
9.728,-19.46,140.31,11.42,0.0,-0.1,0.0,1
9.799,-19.41,140.32,11.29,0.0,-0.1,0.0,1
9.872,-19.35,140.33,11.08,0.0,-0.2,0.0,1
9.919,-19.32,140.33,10.93,0.0,-0.2,0.0,1
9.99,-19.27,140.33,10.71,0.0,-0.2,0.0,1
10.038,-19.23,140.33,10.47,0.0,-0.3,0.0,1
10.108,-19.2,140.34,10.28,0.0,-0.3,0.0,1
10.179,-19.16,140.34,10.01,0.0,-0.3,0.0,1
10.25,-19.13,140.34,9.72,0.0,-0.4,0.0,1
10.298,-19.1,140.34,9.51,0.0,-0.4,0.0,1
10.37,-19.07,140.33,9.2,0.0,-0.4,0.0,1
10.444,-19.04,140.33,8.88,0.0,-0.5,0.0,1
10.492,-19.02,140.33,8.65,0.0,-0.5,0.0,1
10.563,-18.99,140.33,8.33,0.0,-0.5,0.0,1
10.609,-18.96,140.32,8.08,0.03,0.0,0.0,1
10.68,-18.94,140.33,8.0,0.06,0.0,0.0,1
10.749,-18.93,140.33,8.0,0.1,0.0,0.0,1
10.819,-18.91,140.33,8.0,0.15,0.0,0.0,1
10.889,-18.9,140.33,8.0,0.19,0.0,0.0,1
10.959,-18.89,140.33,8.0,0.23,0.0,0.0,1
11.007,-18.88,140.33,8.0,0.26,0.0,0.0,1
11.076,-18.87,140.34,8.0,0.31,0.0,0.0,1
11.147,-18.85,140.34,8.0,0.35,0.0,0.0,1
11.193,-18.83,140.34,8.01,0.38,0.0,0.0,1
11.265,-18.82,140.34,8.01,0.42,0.0,0.0,1
11.336,-18.79,140.35,8.02,0.47,0.0,0.0,1
11.383,-18.75,140.35,8.01,0.5,0.0,0.0,1
11.455,-18.73,140.36,8.0,0.54,0.0,0.0,1
11.503,-18.68,140.36,8.0,0.59,0.0,0.0,1
11.598,-18.62,140.37,8.01,0.63,0.0,0.0,1
11.645,-18.57,140.38,8.03,0.66,0.0,0.0,1
11.694,-18.49,140.39,8.03,0.0,0.0,0.0,1
11.79,-18.39,140.4,8.03,0.0,0.0,0.0,1
11.837,-18.33,140.41,8.03,0.0,0.0,0.0,1
11.884,-18.24,140.42,8.03,0.0,0.0,0.0,1
11.981,-18.15,140.44,8.03,0.0,0.0,0.0,1
12.03,-18.1,140.44,8.03,0.0,0.0,0.0,1
12.101,-18.02,140.46,8.03,0.0,0.0,0.0,1
12.149,-17.94,140.47,8.03,0.01,0.0,0.0,1
12.22,-17.9,140.47,8.03,0.04,0.0,0.0,1
12.293,-17.84,140.48,8.04,0.09,0.0,0.0,1
12.364,-17.78,140.49,8.04,0.13,0.0,0.0,1
12.411,-17.75,140.49,8.05,0.16,0.0,0.0,1
12.482,-17.7,140.5,8.05,0.21,0.0,0.0,1
12.552,-17.66,140.51,8.03,0.25,0.0,0.0,1
12.623,-17.62,140.51,8.03,0.28,0.0,0.0,1
12.671,-17.59,140.52,8.02,0.32,0.0,0.0,1
12.743,-17.54,140.52,8.0,0.37,0.0,0.0,1
12.815,-17.49,140.53,7.99,0.4,0.0,0.0,1
12.864,-17.45,140.54,7.97,0.44,0.0,0.0,1
12.936,-17.39,140.55,7.97,0.0,-0.0,0.0,1
13.008,-17.32,140.55,7.9,0.0,-0.1,0.0,1
13.054,-17.27,140.56,7.79,0.0,-0.1,0.0,1
13.121,-17.2,140.56,7.63,0.0,-0.1,0.0,1
13.192,-17.13,140.57,7.45,0.0,-0.2,0.0,1
13.24,-17.09,140.57,7.26,0.0,-0.2,0.0,1
13.312,-17.02,140.57,6.96,0.0,-0.2,0.0,1
13.383,-16.96,140.57,6.67,0.0,-0.3,0.0,1
13.455,-16.91,140.57,6.3,0.0,-0.3,0.0,1
13.502,-16.87,140.57,6.06,0.0,-0.3,0.0,1
13.572,-16.82,140.57,5.72,0.0,-0.4,0.0,1
13.618,-16.78,140.56,5.3,0.0,-0.4,0.0,1
13.69,-16.75,140.56,5.04,0.0,-0.4,0.0,1
13.761,-16.71,140.55,4.66,0.0,-0.4,0.0,1
13.833,-16.67,140.55,4.23,0.0,-0.5,0.0,1
13.903,-16.63,140.54,3.82,0.0,-0.5,0.0,1
13.949,-16.61,140.54,3.57,0.0,-0.5,0.0,1
14.019,-16.58,140.53,3.15,0.0,-0.6,0.0,1
14.089,-16.55,140.52,2.73,0.0,-0.6,0.0,1
14.163,-16.52,140.51,2.32,0.0,-0.6,0.0,1
14.212,-16.5,140.51,2.04,0.0,-0.7,0.0,1
14.284,-16.48,140.5,1.62,0.0,-0.7,0.0,1
14.331,-16.45,140.49,1.22,0.0,-0.7,0.0,1
14.402,-16.44,140.48,0.98,0.0,-0.7,0.0,1
14.472,-16.42,140.48,0.63,0.0,-0.7,0.0,1
14.541,-16.4,140.47,0.3,0.0,-0.7,0.0,1
14.589,-16.39,140.46,0.09,0.0,-0.7,0.0,1
14.659,-16.37,140.46,-0.21,0.0,-0.7,0.0,1
14.731,-16.36,140.45,-0.42,0.0,0.0,0.0,1
14.781,-16.34,140.45,-0.48,0.0,0.0,0.0,1
14.852,-16.33,140.45,-0.48,0.0,0.0,0.0,1
14.924,-16.31,140.45,-0.48,0.0,0.0,0.0,1
14.972,-16.3,140.45,-0.48,0.0,0.0,0.0,1
15.042,-16.29,140.45,-0.48,0.0,0.0,0.0,1
15.114,-16.27,140.45,-0.48,0.0,0.0,0.0,1
15.162,-16.27,140.45,-0.48,0.0,0.0,0.0,1
15.232,-16.25,140.45,-0.48,0.0,0.1,0.0,1
15.304,-16.24,140.45,-0.45,0.0,0.1,0.0,1
15.352,-16.23,140.45,-0.43,0.0,0.1,0.0,1
15.423,-16.23,140.45,-0.41,0.0,0.2,0.0,1
15.496,-16.22,140.45,-0.36,0.0,0.2,0.0,1
15.543,-16.21,140.45,-0.34,0.0,0.0,0.0,1
15.614,-16.2,140.45,-0.34,0.0,0.0,0.0,1
15.688,-16.19,140.45,-0.34,0.0,0.0,0.0,1
15.759,-16.19,140.45,-0.34,0.0,0.0,0.0,1
15.808,-16.18,140.45,-0.34,0.0,0.0,0.6,1
15.882,-16.18,140.45,-0.34,0.0,0.0,1.0,1
15.931,-16.18,140.45,-0.34,0.0,0.0,1.0,1
16.004,-16.18,140.45,-0.34,0.0,0.0,0.0,1
16.049,-16.18,140.45,-0.34,0.0,0.0,0.0,1
16.121,-16.18,140.45,-0.34,0.0,0.0,0.0,1
16.191,-16.18,140.45,-0.34,0.0,0.0,0.0,1
16.238,-16.18,140.45,-0.34,0.0,0.0,0.0,1
16.332,-16.18,140.45,-0.34,0.0,0.0,0.0,1
16.379,-16.18,140.45,-0.34,0.0,0.0,0.0,1
16.449,-16.18,140.45,-0.34,0.0,0.0,0.0,1
16.52,-16.18,140.45,-0.34,0.0,0.0,0.0,1
16.568,-16.18,140.45,-0.34,0.0,0.0,0.0,1
16.64,-16.18,140.45,-0.34,0.0,0.0,0.0,1
16.712,-16.18,140.45,-0.34,0.0,0.0,0.0,1
16.781,-16.18,140.45,-0.34,0.0,0.0,0.0,1
16.829,-16.18,140.45,-0.34,0.0,0.0,0.0,1
16.902,-16.18,140.45,-0.34,0.0,0.0,0.0,1
16.974,-16.18,140.45,-0.34,0.0,0.0,0.0,-1
17.021,-16.18,140.45,-0.34,0.0,0.0,0.0,-1
17.092,-16.18,140.45,-0.34,0.0,0.0,0.0,-1
17.163,-16.18,140.45,-0.34,0.0,0.0,0.0,-1
17.232,-16.18,140.45,-0.34,0.0,0.0,0.0,-1
17.279,-16.18,140.45,-0.34,0.0,0.0,0.0,-1
17.352,-16.18,140.45,-0.34,0.0,0.0,0.0,-1
17.422,-16.18,140.45,-0.34,0.0,0.0,0.0,-1
17.467,-16.18,140.45,-0.34,0.0,0.1,0.0,-1
17.539,-16.18,140.45,-0.34,0.0,0.1,0.0,-1
17.611,-16.18,140.45,-0.34,0.0,0.1,0.0,-1
17.66,-16.18,140.45,-0.34,0.0,0.2,0.0,-1
17.73,-16.18,140.45,-0.34,0.0,0.2,0.0,-1
17.779,-16.18,140.45,-0.34,0.0,0.2,0.0,-1
17.873,-16.18,140.45,-0.34,0.0,0.3,0.0,-1
17.921,-16.18,140.45,-0.34,0.0,0.3,0.0,-1
17.993,-16.18,140.45,-0.34,0.0,0.3,0.0,-1
18.062,-16.18,140.45,-0.34,0.0,0.4,0.0,-1
18.13,-16.19,140.45,-0.34,0.0,0.4,0.0,-1
18.177,-16.19,140.45,-0.35,0.04,0.4,0.0,-1
18.249,-16.19,140.45,-0.37,0.09,0.5,0.0,-1
18.297,-16.19,140.45,-0.37,0.12,0.5,0.0,-1
18.37,-16.19,140.45,-0.38,0.17,0.5,0.0,-1
18.44,-16.19,140.45,-0.39,0.21,0.6,0.0,-1
18.51,-16.19,140.45,-0.39,0.25,0.6,0.0,-1
18.557,-16.19,140.45,-0.4,0.28,0.6,0.0,-1
18.627,-16.19,140.45,-0.42,0.33,0.7,0.0,-1
18.675,-16.2,140.45,-0.5,0.37,0.7,0.0,-1
18.77,-16.21,140.45,-0.66,0.4,0.7,0.0,-1
18.817,-16.22,140.44,-0.84,0.45,0.7,0.0,-1
18.866,-16.24,140.44,-1.21,0.0,0.7,0.0,-1
18.962,-16.26,140.43,-1.7,0.0,0.7,0.0,-1
19.012,-16.29,140.42,-2.07,0.0,0.7,0.0,-1
19.085,-16.32,140.41,-2.62,0.0,0.7,0.0,-1
19.134,-16.34,140.4,-2.98,0.0,0.7,0.0,-1
19.208,-16.37,140.39,-3.51,0.0,0.7,0.0,-1
19.278,-16.4,140.38,-3.94,0.04,0.7,0.0,-1
19.326,-16.41,140.38,-4.21,0.07,0.7,0.0,-1
19.398,-16.43,140.37,-4.58,0.12,0.7,0.0,-1
19.466,-16.45,140.36,-4.9,0.16,0.7,0.0,-1
19.515,-16.47,140.36,-5.11,0.19,0.7,0.0,-1
19.585,-16.48,140.35,-5.39,0.24,0.7,0.0,-1
19.656,-16.5,140.35,-5.68,0.28,0.7,0.0,-1
19.704,-16.52,140.34,-6.02,0.31,0.7,0.0,-1
19.776,-16.53,140.34,-6.28,0.35,0.7,0.0,-1
19.847,-16.56,140.33,-6.66,0.4,0.7,0.0,-1
19.895,-16.59,140.33,-7.14,0.43,0.7,0.0,-1
19.966,-16.61,140.32,-7.5,0.47,0.7,0.0,-1
20.04,-16.65,140.31,-8.18,0.52,0.7,0.0,-1
20.088,-16.68,140.3,-8.69,0.55,0.7,0.0,-1
20.16,-16.73,140.29,-9.59,0.59,0.7,0.0,-1
20.233,-16.79,140.28,-10.64,0.0,0.7,0.0,-1
20.282,-16.84,140.27,-11.42,0.0,0.7,0.0,-1
20.355,-16.92,140.26,-12.65,0.0,0.7,0.0,-1
20.404,-16.99,140.25,-13.86,0.0,0.7,0.0,-1
20.474,-17.06,140.24,-14.98,0.0,0.7,0.0,-1
20.545,-17.11,140.23,-15.71,0.0,0.7,0.0,-1
20.617,-17.17,140.23,-16.78,0.0,0.7,0.0,-1
20.689,-17.24,140.22,-17.79,0.0,0.7,0.0,-1
20.736,-17.28,140.22,-18.43,0.0,0.7,0.0,-1
20.807,-17.33,140.22,-19.35,0.0,0.7,0.0,-1
20.881,-17.39,140.22,-20.26,0.0,0.7,0.0,-1
20.929,-17.42,140.22,-20.82,0.02,0.7,0.0,-1
21.003,-17.47,140.22,-21.58,0.06,0.7,0.0,-1
21.051,-17.5,140.22,-22.04,0.09,0.7,0.0,-1
21.124,-17.54,140.22,-22.67,0.14,0.7,0.0,-1
21.172,-17.57,140.22,-23.23,0.18,0.7,0.0,-1
21.245,-17.6,140.22,-23.62,0.21,0.7,0.0,-1
21.319,-17.63,140.22,-24.2,0.26,0.7,0.0,-1
21.392,-17.67,140.22,-24.78,0.29,0.7,0.0,-1
21.442,-17.69,140.22,-25.23,0.34,0.7,0.0,-1
21.519,-17.74,140.23,-25.96,0.38,0.7,0.0,-1
21.567,-17.77,140.23,-26.45,0.41,0.7,0.0,-1
21.64,-17.82,140.23,-27.24,0.46,0.7,0.0,-1
21.689,-17.85,140.24,-27.81,0.49,0.7,0.0,-1
21.765,-17.91,140.24,-28.8,0.0,0.7,0.0,-1
21.84,-17.98,140.25,-29.93,0.0,0.7,0.0,-1
21.89,-18.03,140.26,-30.71,0.0,0.7,0.0,-1
21.961,-18.1,140.27,-31.84,0.0,0.7,0.0,-1
22.01,-18.14,140.28,-32.58,0.0,0.7,0.0,-1
22.082,-18.21,140.29,-33.64,0.0,0.7,0.0,-1
22.156,-18.27,140.31,-34.68,0.0,0.7,0.0,-1
22.204,-18.31,140.32,-35.32,0.0,0.7,0.0,-1
22.279,-18.37,140.33,-36.29,0.0,0.7,0.0,-1
22.352,-18.42,140.35,-37.17,0.0,0.7,0.0,-1
22.401,-18.45,140.36,-37.75,0.0,0.7,0.0,-1
22.451,-18.5,140.37,-38.57,0.0,0.7,0.0,-1
22.525,-18.53,140.38,-39.1,0.0,0.7,0.0,-1
22.6,-18.58,140.4,-39.85,0.0,0.7,0.0,-1
22.648,-18.62,140.41,-40.53,0.0,0.7,0.0,-1
22.721,-18.64,140.42,-40.81,0.0,0.0,0.0,-1
22.792,-18.68,140.45,-40.96,0.0,0.0,0.0,-1
22.865,-18.7,140.47,-40.96,0.0,0.0,0.0,-1
22.914,-18.72,140.49,-40.96,0.0,0.0,0.0,-1
22.989,-18.75,140.51,-40.96,0.0,0.0,0.0,-1
23.041,-18.77,140.53,-40.96,0.0,0.0,0.0,-1
23.115,-18.79,140.55,-40.96,0.0,0.0,0.0,-1
23.165,-18.81,140.56,-40.96,0.03,0.0,0.0,-1
23.216,-18.83,140.58,-40.96,0.08,0.0,0.0,-1
23.289,-18.84,140.59,-40.96,0.11,0.0,0.0,-1
23.361,-18.85,140.6,-40.96,0.16,0.0,0.0,-1
23.436,-18.87,140.61,-40.96,0.2,0.0,0.0,-1
23.484,-18.87,140.62,-40.96,0.23,0.0,0.0,-1
23.56,-18.89,140.63,-40.96,0.28,0.0,0.0,-1
23.587,-18.89,140.63,-40.96,0.3,0.0,0.0,-1
23.682,-18.91,140.65,-40.96,0.36,0.0,0.0,-1
23.758,-18.92,140.66,-40.96,0.0,0.0,0.0,-1
23.807,-18.94,140.68,-40.95,0.0,0.0,0.0,-1
23.88,-18.97,140.7,-40.96,0.0,0.0,0.0,-1
23.954,-19.0,140.73,-40.96,0.0,0.0,0.0,-1
24.003,-19.02,140.75,-40.96,0.0,0.0,0.0,-1
24.077,-19.05,140.77,-40.96,0.0,0.0,0.0,-1
24.127,-19.07,140.79,-40.96,0.0,0.0,0.0,-1
24.2,-19.09,140.81,-40.96,0.0,0.0,0.0,-1
24.248,-19.12,140.83,-40.96,0.0,0.0,0.0,-1
24.319,-19.13,140.84,-41.01,0.0,0.1,0.0,-1
24.394,-19.16,140.86,-41.08,0.0,0.1,0.0,-1
24.444,-19.17,140.87,-41.13,0.0,0.1,0.0,-1
24.517,-19.19,140.89,-41.24,0.0,0.2,0.0,-1
24.566,-19.22,140.9,-41.35,0.01,0.2,0.0,-1
24.64,-19.23,140.91,-41.42,0.06,0.2,0.0,-1
24.69,-19.25,140.92,-41.55,0.1,0.3,0.0,-1
24.763,-19.26,140.93,-41.63,0.13,0.3,0.0,-1
24.835,-19.27,140.94,-41.73,0.18,0.3,0.0,-1
24.908,-19.28,140.95,-41.85,0.0,0.4,0.0,-1
24.955,-19.29,140.95,-41.97,0.0,0.4,0.0,-1
25.026,-19.31,140.97,-42.13,0.0,0.0,0.0,-1
25.098,-19.33,140.98,-42.15,0.0,0.0,0.0,-1
25.147,-19.34,140.99,-42.15,0.0,0.0,0.0,-1
25.221,-19.36,141.01,-42.14,0.05,0.0,0.0,-1
25.271,-19.37,141.02,-42.14,0.08,0.0,0.0,-1
25.343,-19.38,141.03,-42.14,0.12,0.0,0.0,-1
25.416,-19.39,141.04,-42.14,0.17,0.0,0.0,-1
25.488,-19.4,141.05,-42.15,0.2,0.0,0.0,-1
25.536,-19.41,141.05,-42.14,0.24,0.0,0.0,-1
25.609,-19.42,141.06,-42.14,0.29,0.0,0.0,-1
25.658,-19.43,141.07,-42.16,0.32,0.0,0.0,-1
25.729,-19.44,141.08,-42.15,0.37,0.0,0.0,-1
25.779,-19.45,141.1,-42.14,0.0,0.0,0.0,-1
25.852,-19.47,141.11,-42.14,0.0,0.0,0.0,-1
25.9,-19.5,141.13,-42.15,0.0,0.0,0.0,-1
25.997,-19.52,141.16,-42.15,0.0,0.0,0.0,-1
26.047,-19.54,141.17,-42.15,0.0,0.0,0.0,-1
26.123,-19.57,141.2,-42.15,0.0,0.0,0.0,-1
26.172,-19.59,141.22,-42.15,0.0,0.0,0.0,-1
26.244,-19.61,141.24,-42.15,0.0,0.0,0.0,-1
26.317,-19.63,141.26,-42.15,0.02,0.0,0.0,-1
26.365,-19.65,141.27,-42.15,0.05,0.0,0.0,-1
26.44,-19.67,141.29,-42.14,0.1,0.0,0.0,-1
26.489,-19.68,141.3,-42.14,0.13,0.0,0.0,-1
26.561,-19.69,141.31,-42.14,0.18,0.0,0.0,-1
26.633,-19.71,141.32,-42.15,0.22,0.0,0.0,-1
26.704,-19.72,141.33,-42.15,0.25,0.0,0.0,-1
26.752,-19.73,141.34,-42.14,0.29,0.0,0.0,-1
26.825,-19.74,141.36,-42.13,0.34,0.0,0.0,-1
26.897,-19.76,141.37,-42.13,0.37,0.0,0.0,-1
26.945,-19.77,141.38,-42.13,0.42,0.0,0.0,-1
26.994,-19.8,141.41,-42.13,0.46,0.0,0.0,-1
27.067,-19.82,141.42,-42.14,0.49,0.0,0.0,-1
27.14,-19.85,141.45,-42.15,0.54,0.0,0.0,-1
27.215,-19.9,141.49,-42.15,0.58,0.0,0.0,-1
27.263,-19.93,141.52,-42.14,0.0,0.0,0.0,-1
27.336,-19.98,141.57,-42.13,0.0,0.0,0.0,-1
27.384,-20.04,141.62,-42.13,0.0,0.0,0.0,-1
27.456,-20.07,141.66,-42.13,0.0,0.0,0.0,-1
27.505,-20.13,141.71,-42.13,0.0,0.0,0.0,-1
27.58,-20.17,141.74,-42.13,0.0,0.0,0.0,-1
27.656,-20.22,141.79,-42.13,0.0,0.0,0.0,-1
27.707,-20.26,141.82,-42.13,0.0,0.0,0.0,-1
27.779,-20.3,141.86,-42.13,0.0,0.0,0.0,-1
27.852,-20.35,141.9,-42.13,0.0,0.0,0.0,-1
27.901,-20.38,141.93,-42.12,0.0,-0.1,0.0,-1
27.974,-20.41,141.97,-42.0,0.0,-0.1,0.0,-1
28.024,-20.45,142.0,-41.87,0.0,-0.1,0.0,-1
28.098,-20.47,142.03,-41.78,0.0,-0.2,0.0,-1
28.171,-20.51,142.06,-41.57,0.0,-0.2,0.0,-1
28.22,-20.54,142.1,-41.36,0.0,-0.2,0.0,-1
28.293,-20.56,142.12,-41.22,0.0,-0.3,0.0,-1
28.365,-20.58,142.15,-40.95,0.0,-0.3,0.0,-1
28.413,-20.6,142.17,-40.78,0.0,-0.3,0.0,-1
28.49,-20.62,142.2,-40.51,0.0,-0.4,0.0,-1
28.561,-20.64,142.22,-40.21,0.0,-0.4,0.0,-1
28.609,-20.66,142.24,-40.02,0.0,-0.4,0.0,-1
28.683,-20.67,142.26,-39.73,0.0,-0.4,0.0,-1
28.733,-20.69,142.28,-39.54,0.03,-0.5,0.0,-1
28.806,-20.7,142.3,-39.27,0.08,-0.5,0.0,-1
28.856,-20.71,142.32,-39.03,0.11,-0.5,0.0,-1
28.929,-20.72,142.33,-38.87,0.16,-0.6,0.0,-1
29.002,-20.73,142.34,-38.66,0.2,-0.6,0.0,-1
29.051,-20.74,142.35,-38.52,0.23,-0.6,0.0,-1
29.124,-20.74,142.36,-38.31,0.28,-0.7,0.0,-1
29.196,-20.75,142.38,-37.96,0.0,-0.7,0.0,-1
29.243,-20.76,142.39,-37.68,0.0,-0.7,0.0,-1
29.317,-20.78,142.42,-37.2,0.0,-0.7,0.0,-1
29.39,-20.79,142.44,-36.72,0.0,-0.7,0.0,-1
29.439,-20.8,142.46,-36.42,0.0,-0.7,0.0,-1
29.511,-20.82,142.48,-35.98,0.0,-0.7,0.0,-1
29.56,-20.83,142.5,-35.7,0.0,-0.7,0.0,-1
29.632,-20.84,142.52,-35.29,0.0,-0.7,0.0,-1
29.706,-20.85,142.54,-34.9,0.0,-0.7,0.0,-1
29.756,-20.86,142.55,-34.65,0.0,-0.7,0.0,-1
29.829,-20.87,142.57,-34.3,0.0,-0.7,0.0,-1
29.878,-20.88,142.58,-34.07,0.0,-0.7,0.0,-1
29.951,-20.89,142.6,-33.75,0.0,-0.7,0.0,-1
30.024,-20.9,142.61,-33.44,0.0,-0.7,0.0,-1
30.073,-20.91,142.62,-33.26,0.02,-0.7,0.0,-1
30.144,-20.92,142.63,-33.01,0.06,-0.7,0.0,-1
30.217,-20.93,142.64,-32.78,0.0,-0.7,0.0,-1
30.265,-20.93,142.65,-32.62,0.0,-0.7,0.0,-1
30.336,-20.94,142.66,-32.38,0.0,-0.7,0.0,-1
30.408,-20.95,142.68,-32.15,0.05,-0.7,0.0,-1
30.456,-20.96,142.68,-32.0,0.0,-0.7,0.0,-1
30.528,-20.96,142.69,-31.78,0.0,-0.7,0.0,-1
30.6,-20.97,142.7,-31.59,0.03,-0.7,0.0,-1
30.648,-20.98,142.71,-31.39,0.06,-0.7,0.0,-1
30.721,-20.98,142.72,-31.26,0.0,-0.7,0.0,-1
30.793,-20.99,142.73,-31.07,0.0,-0.7,0.0,-1
30.843,-20.99,142.73,-30.94,0.03,-0.7,0.0,-1
30.918,-21.0,142.74,-30.75,0.0,-0.7,0.0,-1
30.99,-21.01,142.75,-30.57,0.0,-0.7,0.0,-1
31.039,-21.01,142.76,-30.45,0.0,-0.7,0.0,-1
31.114,-21.02,142.77,-30.27,0.05,-0.7,0.0,-1
31.162,-21.02,142.77,-30.17,0.0,-0.7,0.0,-1
31.233,-21.03,142.78,-30.0,0.0,-0.7,0.0,-1
31.307,-21.04,142.79,-29.83,0.03,-0.7,0.0,-1
31.355,-21.04,142.79,-29.72,0.06,-0.7,0.0,-1
31.426,-21.04,142.8,-29.57,0.0,-0.7,0.0,-1
31.498,-21.05,142.81,-29.41,0.0,-0.7,0.0,-1
31.546,-21.05,142.81,-29.32,0.03,-0.7,0.0,-1
31.62,-21.06,142.82,-29.18,0.0,-0.7,0.0,-1
31.692,-21.06,142.82,-29.04,0.0,-0.7,0.0,-1
31.743,-21.07,142.83,-28.94,0.01,-0.7,0.0,-1
31.791,-21.07,142.83,-28.81,0.0,-0.7,0.0,-1
31.886,-21.08,142.84,-28.69,0.0,-0.7,0.0,-1
31.934,-21.08,142.84,-28.6,0.0,-0.7,0.0,-1
32.008,-21.09,142.85,-28.51,0.05,-0.7,0.0,-1
32.079,-21.09,142.85,-28.42,0.0,-0.7,0.0,-1
32.128,-21.09,142.86,-28.35,0.0,-0.7,0.0,-1
32.2,-21.1,142.86,-28.24,0.03,-0.7,0.0,-1
32.247,-21.1,142.86,-28.17,0.06,-0.7,0.0,-1
32.318,-21.1,142.87,-28.07,0.1,-0.7,0.0,-1
32.392,-21.11,142.87,-27.98,0.15,-0.7,0.0,-1
32.462,-21.11,142.88,-27.87,0.19,-0.7,0.0,-1
32.509,-21.11,142.88,-27.8,0.22,-0.7,0.0,-1
32.584,-21.12,142.89,-27.64,0.0,-0.7,0.0,-1
32.632,-21.13,142.9,-27.44,0.0,-0.7,0.0,-1
32.705,-21.13,142.9,-27.29,0.0,-0.7,0.0,-1
32.776,-21.14,142.91,-27.1,0.03,-0.7,0.0,-1
32.825,-21.14,142.92,-26.98,0.06,-0.7,0.0,-1
32.897,-21.15,142.93,-26.82,0.0,-0.7,0.0,-1
32.971,-21.16,142.94,-26.63,0.0,-0.7,0.0,-1
33.02,-21.16,142.94,-26.5,0.0,-0.7,0.0,-1
33.092,-21.17,142.95,-26.32,0.05,-0.7,0.0,-1
33.14,-21.18,142.96,-26.18,0.0,-0.7,0.0,-1
33.214,-21.18,142.96,-26.06,0.0,-0.7,0.0,-1
33.286,-21.19,142.97,-25.88,0.03,-0.7,0.0,-1
33.358,-21.2,142.98,-25.73,0.07,-0.7,0.0,-1
33.407,-21.2,142.98,-25.62,0.0,-0.7,0.0,-1
33.479,-21.21,142.99,-25.46,0.0,-0.7,0.0,-1
33.551,-21.21,142.99,-25.3,0.04,-0.7,0.0,-1
33.6,-21.22,143.0,-25.2,0.07,-0.7,0.0,-1
33.672,-21.22,143.0,-25.05,0.0,-0.7,0.0,-1
33.741,-21.23,143.01,-24.9,0.0,-0.7,0.0,-1
33.79,-21.23,143.01,-24.82,0.03,-0.7,0.0,-1
33.864,-21.24,143.02,-24.66,0.0,-0.7,0.0,-1
33.937,-21.24,143.03,-24.52,0.0,-0.7,0.0,-1
33.986,-21.25,143.03,-24.43,0.03,-0.7,0.0,-1
34.058,-21.25,143.04,-24.3,0.07,-0.7,0.0,-1
34.105,-21.26,143.04,-24.21,0.0,-0.7,0.0,-1
34.178,-21.26,143.05,-24.08,0.0,-0.7,0.0,-1
34.226,-21.27,143.05,-23.94,0.02,-0.7,0.0,-1
34.3,-21.27,143.06,-23.85,0.05,-0.7,0.0,-1
34.373,-21.28,143.06,-23.73,0.0,-0.7,0.0,-1
34.444,-21.28,143.07,-23.6,0.0,-0.7,0.0,-1
34.492,-21.29,143.07,-23.5,0.03,-0.7,0.0,-1
34.563,-21.29,143.08,-23.37,0.0,-0.7,0.0,-1
34.61,-21.3,143.08,-23.24,0.0,-0.7,0.0,-1
34.687,-21.3,143.08,-23.14,0.01,-0.7,0.0,-1
34.735,-21.3,143.09,-23.05,0.06,-0.7,0.0,-1
34.809,-21.31,143.09,-22.96,0.0,-0.7,0.0,-1
34.88,-21.31,143.1,-22.84,0.01,-0.7,0.0,-1
34.954,-21.32,143.1,-22.75,0.05,-0.7,0.0,-1
35.003,-21.32,143.1,-22.68,0.0,-0.7,0.0,-1
35.076,-21.32,143.11,-22.57,0.0,-0.7,0.0,-1
35.146,-21.33,143.11,-22.46,0.04,-0.7,0.0,-1
35.194,-21.33,143.12,-22.39,0.07,-0.7,0.0,-1
35.265,-21.34,143.12,-22.29,0.0,-0.7,0.0,-1
35.337,-21.34,143.12,-22.2,0.03,-0.7,0.0,-1
35.385,-21.34,143.13,-22.14,0.06,-0.7,0.0,-1
35.457,-21.35,143.13,-22.04,0.0,-0.7,0.0,-1
35.529,-21.35,143.13,-21.95,0.02,-0.7,0.0,-1
35.576,-21.35,143.14,-21.89,0.05,-0.7,0.0,-1
35.648,-21.36,143.14,-21.81,0.0,-0.7,0.0,-1
35.719,-21.36,143.14,-21.71,0.0,-0.7,0.0,-1
35.766,-21.36,143.15,-21.67,0.03,-0.7,0.0,-1
35.839,-21.37,143.15,-21.6,0.0,-0.7,0.0,-1
35.913,-21.37,143.15,-21.52,0.0,-0.7,0.0,-1
35.959,-21.37,143.16,-21.43,0.04,-0.7,0.0,-1
36.032,-21.38,143.16,-21.38,0.07,-0.7,0.0,-1
36.105,-21.38,143.16,-21.31,0.0,-0.7,0.0,-1
36.177,-21.38,143.16,-21.24,0.01,-0.7,0.0,-1
36.226,-21.38,143.16,-21.2,0.06,-0.7,0.0,-1
36.301,-21.39,143.17,-21.14,0.0,-0.7,0.0,-1
36.351,-21.39,143.17,-21.09,0.0,-0.7,0.0,-1
36.424,-21.39,143.17,-20.99,0.04,-0.7,0.0,-1
36.473,-21.4,143.17,-20.94,0.07,-0.7,0.0,-1
36.549,-21.4,143.18,-20.88,0.12,-0.7,0.0,-1
36.62,-21.4,143.18,-20.82,0.16,-0.7,0.0,-1
36.668,-21.4,143.18,-20.79,0.19,-0.7,0.0,-1
36.741,-21.4,143.18,-20.75,0.24,-0.7,0.0,-1
36.788,-21.41,143.18,-20.7,0.0,-0.7,0.0,-1
36.859,-21.41,143.19,-20.6,0.0,-0.7,0.0,-1
36.927,-21.42,143.2,-20.41,0.0,-0.7,0.0,-1
37.0,-21.43,143.2,-20.19,0.0,-0.7,0.0,-1
37.049,-21.44,143.21,-19.97,0.0,-0.7,0.0,-1
37.123,-21.45,143.22,-19.83,0.0,-0.7,0.0,-1
37.197,-21.45,143.23,-19.62,0.0,-0.7,0.0,-1
37.248,-21.46,143.23,-19.49,0.0,-0.7,0.0,-1
37.297,-21.47,143.24,-19.3,0.0,-0.7,0.0,-1
37.372,-21.47,143.24,-19.18,0.0,-0.7,0.0,-1
37.445,-21.48,143.25,-19.02,0.0,-0.7,0.0,-1
37.516,-21.49,143.26,-18.86,0.0,-0.7,0.0,-1
37.564,-21.49,143.26,-18.77,0.0,-0.7,0.0,-1
37.638,-21.5,143.27,-18.62,0.0,-0.7,0.0,-1
37.687,-21.51,143.27,-18.49,0.0,-0.7,0.0,-1
37.76,-21.51,143.28,-18.41,0.0,-0.7,0.0,-1
37.833,-21.52,143.28,-18.29,0.0,-0.7,0.0,-1
37.904,-21.52,143.28,-18.18,0.0,-0.7,0.0,-1
37.951,-21.53,143.29,-18.11,0.03,-0.7,0.0,-1
38.0,-21.53,143.29,-18.02,0.08,-0.7,0.0,-1
38.095,-21.53,143.29,-17.94,0.11,-0.7,0.0,-1
38.144,-21.54,143.29,-17.9,0.15,-0.7,0.0,-1
38.216,-21.54,143.3,-17.86,0.2,-0.7,0.0,-1
38.264,-21.54,143.3,-17.81,0.23,-0.7,0.0,-1
38.335,-21.54,143.3,-17.73,0.0,-0.7,0.0,-1
38.409,-21.55,143.31,-17.56,0.0,-0.7,0.0,-1
38.456,-21.56,143.31,-17.36,0.0,-0.7,0.0,-1
38.527,-21.57,143.32,-17.23,0.0,-0.7,0.0,-1
38.6,-21.58,143.33,-17.03,0.0,-0.7,0.0,-1
38.648,-21.58,143.33,-16.91,0.0,-0.7,0.0,-1
38.72,-21.59,143.34,-16.73,0.0,-0.7,0.0,-1
38.792,-21.6,143.35,-16.56,0.0,-0.7,0.0,-1
38.863,-21.61,143.35,-16.4,0.0,-0.7,0.0,-1
38.91,-21.61,143.35,-16.3,0.0,-0.7,0.0,-1
38.984,-21.62,143.36,-16.15,0.0,-0.7,0.0,-1
39.032,-21.62,143.36,-16.06,0.0,-0.7,0.0,-1
39.103,-21.63,143.37,-15.93,0.0,-0.7,0.0,-1
39.152,-21.64,143.37,-15.8,0.0,-0.7,0.0,-1
39.225,-21.64,143.38,-15.69,0.0,-0.7,0.0,-1
39.296,-21.65,143.38,-15.61,0.0,-0.7,0.0,-1
39.345,-21.65,143.38,-15.51,0.0,-0.7,0.0,-1
39.418,-21.65,143.39,-15.44,0.0,-0.7,0.0,-1
39.488,-21.66,143.39,-15.37,0.0,-0.7,0.0,-1
39.56,-21.66,143.39,-15.37,0.0,-0.7,0.0,-1
39.608,-21.66,143.39,-15.37,0.0,-0.7,0.0,-1
39.679,-21.66,143.39,-15.37,0.0,-0.7,0.0,-1
39.726,-21.66,143.39,-15.37,0.0,-0.7,0.0,-1
39.8,-21.66,143.39,-15.37,0.0,0.0,0.0,-1
39.872,-21.66,143.39,-15.37,0.0,0.0,0.0,-1
39.919,-21.66,143.39,-15.37,0.0,0.0,0.8,-1
39.991,-21.66,143.39,-15.37,0.0,0.0,1.0,-1
40.064,-21.66,143.39,-15.37,0.0,0.0,1.0,-1
40.137,-21.66,143.39,-15.37,0.0,0.0,0.0,-1
40.209,-21.66,143.39,-15.37,0.0,0.0,0.0,-1
40.256,-21.66,143.39,-15.37,0.0,0.0,0.0,-1
40.327,-21.66,143.39,-15.37,0.0,0.0,0.0,-1
40.375,-21.66,143.39,-15.37,0.0,0.0,0.0,-1
40.446,-21.66,143.39,-15.37,0.0,0.0,0.0,-1
40.518,-21.66,143.39,-15.37,0.0,0.0,0.0,-1
40.566,-21.66,143.39,-15.37,0.0,0.0,0.0,-1
40.64,-21.66,143.39,-15.37,0.0,0.0,0.0,-1
40.712,-21.66,143.39,-15.37,0.0,0.0,0.0,-1
40.761,-21.66,143.39,-15.37,0.0,0.0,0.0,-1
40.832,-21.66,143.39,-15.37,0.0,0.0,0.0,-1
40.904,-21.66,143.39,-15.37,0.0,0.0,0.0,-1
40.974,-21.66,143.39,-15.37,0.0,0.0,0.0,-1
41.042,-21.66,143.39,-15.37,0.0,0.0,0.0,-1
41.089,-21.66,143.39,-15.37,0.0,0.0,0.0,-1
41.134,-21.66,143.39,-15.37,0.0,0.0,0.0,1
41.204,-21.66,143.39,-15.37,0.0,0.0,0.0,1
41.274,-21.66,143.39,-15.37,0.0,0.0,0.0,1
41.343,-21.66,143.39,-15.37,0.0,0.1,0.0,1
41.416,-21.66,143.39,-15.37,0.0,0.1,0.0,1
41.464,-21.66,143.39,-15.37,0.0,0.1,0.0,1
41.534,-21.66,143.39,-15.37,0.0,0.2,0.0,1
41.608,-21.66,143.39,-15.37,0.0,0.2,0.0,1
41.679,-21.66,143.39,-15.37,0.0,0.2,0.0,1
41.725,-21.66,143.39,-15.37,0.0,0.3,0.0,1
41.772,-21.66,143.39,-15.37,0.0,0.3,0.0,1
41.868,-21.66,143.39,-15.37,0.0,0.3,0.0,1
41.915,-21.66,143.39,-15.37,0.0,0.4,0.0,1
41.989,-21.66,143.39,-15.37,0.0,0.4,0.0,1
42.062,-21.66,143.39,-15.37,0.0,0.4,0.0,1
42.11,-21.66,143.39,-15.37,0.0,0.5,0.0,1
42.16,-21.66,143.39,-15.37,0.0,0.5,0.0,1
42.257,-21.66,143.39,-15.37,0.03,0.5,0.0,1
42.304,-21.66,143.39,-15.37,0.08,0.6,0.0,1
42.376,-21.66,143.39,-15.36,0.0,0.6,0.0,1
42.425,-21.66,143.39,-15.35,0.0,0.6,0.0,1
42.497,-21.65,143.39,-15.32,0.04,0.7,0.0,1
42.568,-21.65,143.39,-15.28,0.08,0.7,0.0,1
42.616,-21.65,143.39,-15.21,0.11,0.7,0.0,1
42.689,-21.65,143.39,-15.17,0.16,0.7,0.0,1
42.76,-21.64,143.39,-15.09,0.2,0.7,0.0,1
42.831,-21.64,143.39,-14.99,0.23,0.7,0.0,1
42.879,-21.63,143.39,-14.92,0.27,0.7,0.0,1
42.952,-21.63,143.39,-14.8,0.32,0.7,0.0,1
43.023,-21.62,143.39,-14.67,0.36,0.7,0.0,1
43.072,-21.61,143.39,-14.56,0.0,0.7,0.0,1
43.143,-21.59,143.4,-14.26,0.0,0.7,0.0,1
43.214,-21.57,143.4,-13.9,0.0,0.7,0.0,1
43.262,-21.56,143.4,-13.64,0.0,0.7,0.0,1
43.335,-21.53,143.4,-13.26,0.0,0.7,0.0,1
43.408,-21.51,143.41,-12.9,0.0,0.7,0.0,1
43.455,-21.5,143.41,-12.67,0.0,0.7,0.0,1
43.504,-21.48,143.41,-12.34,0.0,0.7,0.0,1
43.6,-21.46,143.42,-12.02,0.0,0.7,0.0,1
43.648,-21.45,143.42,-11.83,0.0,0.7,0.0,1
43.721,-21.43,143.42,-11.54,0.0,0.7,0.0,1
43.769,-21.42,143.42,-11.36,0.0,0.7,0.0,1
43.842,-21.4,143.42,-11.1,0.0,0.7,0.0,1
43.89,-21.39,143.43,-10.86,0.0,0.7,0.0,1
43.964,-21.38,143.43,-10.71,0.0,0.7,0.0,1
44.035,-21.37,143.43,-10.49,0.0,0.7,0.0,1
44.083,-21.35,143.43,-10.29,0.03,0.7,0.0,1
44.156,-21.35,143.44,-10.17,0.06,0.7,0.0,1
44.226,-21.34,143.44,-10.01,0.11,0.7,0.0,1
44.3,-21.33,143.44,-9.86,0.15,0.7,0.0,1
44.349,-21.32,143.44,-9.77,0.18,0.7,0.0,1
44.421,-21.31,143.44,-9.6,0.0,0.7,0.0,1
44.493,-21.3,143.45,-9.39,0.0,0.7,0.0,1
44.542,-21.29,143.45,-9.23,0.0,0.7,0.0,1
44.615,-21.28,143.45,-9.01,0.0,0.7,0.0,1
44.664,-21.26,143.45,-8.85,0.0,0.0,0.0,1
44.736,-21.26,143.45,-8.81,0.0,0.0,0.0,1
44.807,-21.24,143.45,-8.8,0.0,0.0,0.0,1
44.855,-21.23,143.45,-8.8,0.0,0.0,0.0,1
44.926,-21.23,143.45,-8.8,0.0,0.0,0.0,1
44.998,-21.22,143.45,-8.8,0.0,0.0,0.6,1
45.069,-21.22,143.45,-8.8,0.0,0.0,1.0,1
45.116,-21.22,143.45,-8.8,0.0,0.0,1.0,1
45.19,-21.22,143.45,-8.8,0.0,0.0,1.0,1
45.238,-21.22,143.45,-8.8,0.0,0.0,1.0,1
45.309,-21.22,143.45,-8.8,0.0,0.0,0.0,1
45.357,-21.22,143.45,-8.8,0.0,0.0,0.0,1
45.453,-21.22,143.45,-8.8,0.0,0.0,0.0,1
45.502,-21.22,143.45,-8.8,0.0,0.0,0.0,1
45.573,-21.22,143.45,-8.8,0.0,0.0,0.0,1
45.642,-21.22,143.45,-8.8,0.0,0.0,0.0,1
45.712,-21.22,143.45,-8.8,0.0,0.0,0.0,1
45.758,-21.22,143.45,-8.8,0.0,0.0,0.0,1
45.805,-21.22,143.45,-8.8,0.0,0.0,0.0,1
45.898,-21.22,143.45,-8.8,0.0,0.0,0.0,1
45.97,-21.22,143.45,-8.8,0.0,0.0,0.0,1
46.015,-21.22,143.45,-8.8,0.0,0.0,0.0,1
46.086,-21.22,143.45,-8.8,0.0,0.0,0.0,-1
46.156,-21.22,143.45,-8.8,0.0,0.0,0.0,-1
46.204,-21.22,143.45,-8.8,0.0,0.0,0.0,-1
46.275,-21.22,143.45,-8.8,0.0,0.0,0.0,-1
46.324,-21.22,143.45,-8.8,0.0,-0.1,0.0,-1
46.394,-21.22,143.45,-8.8,0.0,-0.1,0.0,-1
46.466,-21.22,143.45,-8.8,0.0,-0.1,0.0,-1
46.538,-21.22,143.45,-8.8,0.0,-0.2,0.0,-1
46.608,-21.22,143.45,-8.8,0.0,-0.2,0.0,-1
46.655,-21.22,143.45,-8.8,0.0,-0.2,0.0,-1
46.705,-21.22,143.45,-8.8,0.01,-0.3,0.0,-1
46.776,-21.22,143.44,-8.8,0.05,-0.3,0.0,-1
46.847,-21.22,143.44,-8.81,0.08,-0.3,0.0,-1
46.92,-21.22,143.44,-8.82,0.13,-0.4,0.0,-1
46.968,-21.21,143.44,-8.83,0.16,-0.4,0.0,-1
47.039,-21.21,143.44,-8.84,0.2,-0.4,0.0,-1
47.087,-21.21,143.44,-8.86,0.25,-0.4,0.0,-1
47.18,-21.21,143.44,-8.87,0.29,-0.5,0.0,-1
47.229,-21.21,143.44,-8.88,0.32,-0.5,0.0,-1
47.3,-21.21,143.44,-8.88,0.37,-0.5,0.0,-1
47.347,-21.21,143.44,-8.84,0.0,-0.6,0.0,-1
47.419,-21.22,143.45,-8.72,0.0,-0.6,0.0,-1
47.489,-21.23,143.45,-8.46,0.0,-0.6,0.0,-1
47.538,-21.25,143.46,-8.14,0.0,-0.7,0.0,-1
47.608,-21.26,143.47,-7.91,0.0,-0.7,0.0,-1
47.678,-21.28,143.48,-7.58,0.0,-0.7,0.0,-1
47.752,-21.3,143.49,-7.23,0.0,-0.7,0.0,-1
47.798,-21.32,143.5,-6.92,0.0,-0.7,0.0,-1
47.869,-21.33,143.51,-6.73,0.0,-0.7,0.0,-1
47.94,-21.34,143.51,-6.44,0.0,-0.7,0.0,-1
47.986,-21.36,143.52,-6.18,0.0,0.0,0.0,-1
48.058,-21.37,143.53,-6.03,0.0,0.0,0.0,-1
48.128,-21.38,143.53,-6.0,0.0,0.0,0.0,-1
48.202,-21.4,143.53,-6.0,0.0,0.0,0.0,-1
48.248,-21.41,143.53,-6.0,0.0,0.0,0.0,-1
48.318,-21.42,143.53,-6.0,0.0,0.0,0.0,-1
48.391,-21.44,143.53,-6.0,0.0,0.0,0.0,-1
48.463,-21.45,143.53,-6.0,0.0,0.0,0.0,-1
48.511,-21.46,143.54,-6.0,0.0,0.0,0.0,-1
48.584,-21.47,143.54,-6.0,0.0,0.0,0.0,-1
48.631,-21.47,143.54,-6.0,0.0,0.0,0.0,-1
48.702,-21.49,143.54,-5.98,0.0,-0.1,0.0,-1
48.773,-21.49,143.54,-5.96,0.0,-0.1,0.0,-1
48.845,-21.5,143.54,-5.93,0.0,-0.2,0.0,-1
48.891,-21.51,143.54,-5.91,0.0,-0.2,0.0,-1
48.961,-21.52,143.54,-5.87,0.0,-0.2,0.0,-1
49.033,-21.52,143.55,-5.83,0.04,-0.2,0.0,-1
49.105,-21.53,143.55,-5.79,0.07,-0.3,0.0,-1
49.153,-21.53,143.55,-5.76,0.11,-0.3,0.0,-1
49.224,-21.54,143.55,-5.73,0.0,-0.3,0.0,-1
49.272,-21.55,143.55,-5.67,0.0,-0.4,0.0,-1
49.342,-21.55,143.55,-5.62,0.0,-0.4,0.0,-1
49.39,-21.56,143.56,-5.53,0.0,-0.4,0.0,-1
49.484,-21.57,143.56,-5.44,0.0,-0.5,0.0,-1
49.532,-21.57,143.56,-5.38,0.0,-0.5,0.0,-1
49.606,-21.58,143.56,-5.28,0.0,-0.5,0.0,-1
49.676,-21.59,143.57,-5.19,0.0,-0.6,0.0,-1
49.724,-21.59,143.57,-5.12,0.0,-0.6,0.0,-1
49.798,-21.6,143.57,-5.02,0.0,-0.6,0.0,-1
49.848,-21.6,143.57,-4.95,0.0,-0.7,0.0,-1
49.921,-21.61,143.58,-4.85,0.0,-0.7,0.0,-1
49.992,-21.61,143.58,-4.75,0.0,-0.7,0.0,-1
50.065,-21.62,143.58,-4.66,0.0,-0.7,0.0,-1
50.113,-21.62,143.58,-4.6,0.0,-0.7,0.0,-1
50.184,-21.63,143.58,-4.52,0.0,-0.7,0.0,-1
50.256,-21.63,143.59,-4.44,0.0,-0.7,0.0,-1
50.304,-21.63,143.59,-4.43,0.0,-0.7,0.0,-1
50.375,-21.63,143.59,-4.43,0.0,-0.7,0.0,-1
50.447,-21.63,143.59,-4.41,0.01,-0.7,0.0,-1
50.496,-21.63,143.59,-4.39,0.05,-0.7,0.0,-1
50.565,-21.63,143.59,-4.39,0.1,-0.7,0.0,-1
50.636,-21.63,143.59,-4.39,0.0,-0.7,0.0,-1
50.684,-21.63,143.59,-4.37,0.0,-0.7,0.0,-1
50.758,-21.64,143.59,-4.32,0.0,-0.7,0.0,-1
50.807,-21.64,143.59,-4.29,0.0,-0.7,0.0,-1
50.88,-21.64,143.59,-4.24,0.0,-0.7,0.0,-1
50.928,-21.64,143.59,-4.2,0.0,-0.7,0.0,-1
51.024,-21.65,143.59,-4.16,0.0,-0.7,0.0,-1
51.072,-21.65,143.59,-4.14,0.0,-0.7,0.0,-1
51.119,-21.65,143.59,-4.1,0.0,-0.7,0.0,-1
51.19,-21.65,143.59,-4.07,0.0,-0.7,0.0,-1
51.26,-21.65,143.6,-4.05,0.0,-0.7,0.0,-1
51.331,-21.65,143.6,-4.03,0.02,-0.7,0.0,-1
51.404,-21.65,143.6,-4.04,0.06,-0.7,0.0,-1
51.452,-21.65,143.59,-4.06,0.09,-0.7,0.0,-1
51.524,-21.65,143.59,-4.06,0.0,-0.7,0.0,-1
51.596,-21.65,143.6,-4.04,0.0,-0.7,0.0,-1
51.643,-21.65,143.6,-4.01,0.0,-0.7,0.0,-1
51.713,-21.66,143.6,-3.95,0.05,-0.7,0.0,-1
51.784,-21.66,143.6,-3.92,0.09,-0.7,0.0,-1
51.831,-21.66,143.6,-3.88,0.0,-0.7,0.0,-1
51.903,-21.67,143.6,-3.81,0.0,-0.7,0.0,-1
51.972,-21.67,143.6,-3.78,0.05,-0.7,0.0,-1
52.02,-21.67,143.6,-3.72,0.0,-0.7,0.0,-1
52.091,-21.67,143.6,-3.68,0.0,-0.7,0.0,-1
52.164,-21.68,143.61,-3.61,0.02,-0.7,0.0,-1
52.211,-21.68,143.61,-3.51,0.06,-0.7,0.0,-1
52.282,-21.69,143.61,-3.45,0.0,-0.7,0.0,-1
52.353,-21.69,143.61,-3.37,0.0,-0.7,0.0,-1
52.424,-21.69,143.61,-3.3,0.0,-0.7,0.0,-1
52.472,-21.7,143.61,-3.25,0.0,-0.7,0.0,-1
52.542,-21.7,143.62,-3.18,0.0,-0.7,0.0,-1
52.615,-21.7,143.62,-3.12,0.0,-0.7,0.0,-1
52.687,-21.71,143.62,-3.06,0.0,-0.7,0.0,-1
52.735,-21.71,143.62,-3.03,0.0,-0.7,0.0,-1
52.807,-21.71,143.62,-2.98,0.0,-0.7,0.0,-1
52.857,-21.71,143.62,-2.93,0.0,-0.7,0.0,-1
52.93,-21.72,143.62,-2.91,0.0,-0.7,0.0,-1
53.003,-21.72,143.62,-2.87,0.0,-0.7,0.0,-1
53.051,-21.72,143.62,-2.84,0.0,-0.7,0.0,-1
53.125,-21.72,143.62,-2.81,0.0,-0.7,0.0,-1
53.198,-21.72,143.63,-2.78,0.0,-0.7,0.0,-1
53.247,-21.72,143.63,-2.76,0.0,-0.7,0.0,-1
53.319,-21.73,143.63,-2.75,0.05,-0.7,0.0,-1
53.391,-21.73,143.63,-2.71,0.08,-0.7,0.0,-1
53.439,-21.73,143.63,-2.69,0.12,-0.7,0.0,-1
53.513,-21.73,143.63,-2.64,0.0,-0.7,0.0,-1
53.559,-21.73,143.63,-2.58,0.0,-0.7,0.0,-1
53.646,-21.74,143.63,-2.52,0.0,-0.7,0.0,-1
53.694,-21.74,143.63,-2.47,0.0,-0.7,0.0,-1
53.767,-21.74,143.63,-2.4,0.0,-0.7,0.0,-1
53.84,-21.75,143.64,-2.34,0.0,-0.7,0.0,-1
53.887,-21.75,143.64,-2.3,0.0,-0.7,0.0,-1
53.959,-21.75,143.64,-2.23,0.05,-0.7,0.0,-1
54.03,-21.76,143.64,-2.17,0.09,-0.7,0.0,-1
54.077,-21.76,143.64,-2.15,0.0,-0.7,0.0,-1
54.146,-21.76,143.64,-2.09,0.0,-0.7,0.0,-1
54.218,-21.77,143.64,-2.03,0.01,-0.7,0.0,-1
54.267,-21.77,143.64,-1.99,0.04,-0.7,0.0,-1
54.338,-21.77,143.65,-1.93,0.0,-0.7,0.0,-1
54.409,-21.77,143.65,-1.87,0.0,-0.7,0.0,-1
54.456,-21.78,143.65,-1.83,0.0,-0.7,0.0,-1
54.525,-21.78,143.65,-1.77,0.0,-0.7,0.0,-1
54.593,-21.78,143.65,-1.72,0.0,-0.7,0.0,-1
54.639,-21.78,143.65,-1.67,0.0,-0.7,0.0,-1
54.733,-21.79,143.65,-1.62,0.0,-0.7,0.0,-1
54.78,-21.79,143.65,-1.59,0.0,-0.7,0.0,-1
54.851,-21.79,143.65,-1.55,0.0,-0.7,0.0,-1
54.925,-21.79,143.65,-1.51,0.0,-0.7,0.0,-1
54.973,-21.8,143.66,-1.49,0.0,-0.7,0.0,-1
55.048,-21.8,143.66,-1.46,0.0,-0.7,0.0,-1
55.095,-21.8,143.66,-1.43,0.0,-0.7,0.0,-1
55.166,-21.8,143.66,-1.41,0.0,-0.7,0.0,-1
55.238,-21.8,143.66,-1.39,0.0,-0.7,0.0,-1
55.308,-21.8,143.66,-1.37,0.03,-0.7,0.0,-1
55.352,-21.8,143.66,-1.35,0.06,-0.7,0.0,-1
55.423,-21.8,143.66,-1.34,0.1,-0.7,0.0,-1
55.492,-21.81,143.66,-1.3,0.0,-0.7,0.0,-1
55.539,-21.81,143.66,-1.26,0.0,-0.7,0.0,-1
55.61,-21.81,143.66,-1.24,0.03,-0.7,0.0,-1
55.682,-21.81,143.66,-1.21,0.08,-0.7,0.0,-1
55.753,-21.81,143.66,-1.18,0.0,-0.7,0.0,-1
55.8,-21.81,143.66,-1.13,0.0,-0.7,0.0,-1
55.869,-21.82,143.66,-1.1,0.0,-0.7,0.0,-1
55.942,-21.82,143.66,-1.05,0.0,-0.7,0.0,-1
56.015,-21.82,143.67,-1.01,0.0,-0.7,0.0,-1
56.061,-21.82,143.67,-0.98,0.0,-0.7,0.0,-1
56.131,-21.83,143.67,-0.94,0.0,-0.7,0.0,-1
56.179,-21.83,143.67,-0.9,0.0,-0.7,0.0,-1
56.248,-21.83,143.67,-0.88,0.0,-0.7,0.0,-1
56.32,-21.83,143.67,-0.85,0.0,-0.7,0.0,-1
56.392,-21.83,143.67,-0.82,0.0,-0.7,0.0,-1
56.461,-21.83,143.67,-0.8,0.0,-0.7,0.0,-1
56.509,-21.83,143.67,-0.78,0.0,-0.7,0.0,-1
56.557,-21.84,143.67,-0.76,0.0,-0.7,0.0,-1
56.649,-21.84,143.67,-0.75,0.0,-0.7,0.0,-1
56.697,-21.84,143.67,-0.74,0.0,-0.7,0.0,-1
56.768,-21.84,143.67,-0.74,0.0,-0.7,0.0,-1
56.839,-21.84,143.67,-0.74,0.0,-0.7,0.0,-1
56.887,-21.84,143.67,-0.74,0.0,-0.7,0.0,-1
56.957,-21.84,143.67,-0.74,0.0,-0.7,0.0,-1
57.028,-21.84,143.67,-0.74,0.0,-0.7,0.0,-1
57.075,-21.84,143.67,-0.74,0.0,-0.7,0.0,-1
57.146,-21.84,143.67,-0.74,0.0,-0.7,0.0,-1
57.216,-21.84,143.67,-0.74,0.0,-0.7,0.0,-1
57.289,-21.84,143.67,-0.74,0.0,-0.7,0.0,-1
57.359,-21.84,143.67,-0.74,0.0,-0.7,0.0,-1
57.407,-21.84,143.67,-0.74,0.0,-0.7,0.0,-1
57.455,-21.84,143.67,-0.74,0.0,-0.7,0.0,-1
57.528,-21.84,143.67,-0.74,0.0,-0.7,0.0,-1
57.598,-21.84,143.67,-0.74,0.0,0.0,0.0,-1
57.669,-21.84,143.67,-0.74,0.0,0.0,0.0,-1
57.716,-21.84,143.67,-0.74,0.0,0.0,0.0,-1
57.786,-21.84,143.67,-0.74,0.0,0.0,0.0,-1
57.86,-21.84,143.67,-0.74,0.0,0.0,0.0,-1
57.907,-21.84,143.67,-0.74,0.0,0.0,0.6,-1
57.998,-21.84,143.67,-0.74,0.0,0.0,1.0,-1
58.045,-21.84,143.67,-0.74,0.0,0.0,1.0,-1
58.116,-21.84,143.67,-0.74,0.0,0.0,0.0,-1
58.186,-21.84,143.67,-0.74,0.0,0.0,0.0,-1
58.257,-21.84,143.67,-0.74,0.0,0.0,0.0,-1
58.304,-21.84,143.67,-0.74,0.0,0.0,0.0,-1
58.374,-21.84,143.67,-0.74,0.0,0.0,0.0,-1
58.42,-21.84,143.67,-0.74,0.0,0.0,0.0,-1
58.491,-21.84,143.67,-0.74,0.0,0.0,0.0,-1
58.562,-21.84,143.67,-0.74,0.0,0.0,0.0,-1
58.634,-21.84,143.67,-0.74,0.0,0.0,0.0,-1
58.68,-21.84,143.67,-0.74,0.0,0.0,0.0,-1
58.75,-21.84,143.67,-0.74,0.0,0.0,0.0,-1
58.821,-21.84,143.67,-0.74,0.0,0.0,0.0,-1
58.893,-21.84,143.67,-0.74,0.0,0.0,0.0,-1
58.94,-21.84,143.67,-0.74,0.0,0.0,0.0,-1
59.01,-21.84,143.67,-0.74,0.0,0.0,0.0,-1
59.08,-21.84,143.67,-0.74,0.0,0.0,0.0,-1
59.149,-21.84,143.67,-0.74,0.0,0.0,0.0,-1
59.197,-21.84,143.67,-0.74,0.0,0.0,0.0,-1
59.268,-21.84,143.67,-0.74,0.0,0.0,0.0,-1
59.315,-21.84,143.67,-0.74,0.0,0.0,0.0,-1
59.397,-21.84,143.67,-0.74,0.0,0.0,0.0,-1
59.464,-21.84,143.67,-0.74,0.0,0.0,0.0,-1
59.512,-21.84,143.67,-0.74,0.0,0.0,0.0,-1
59.583,-21.84,143.67,-0.74,0.0,0.0,0.0,-1
59.656,-21.84,143.67,-0.74,0.0,0.0,0.0,-1
59.703,-21.84,143.67,-0.74,0.0,0.0,0.0,-1
59.775,-21.84,143.67,-0.74,0.0,0.0,0.0,-1
59.847,-21.84,143.67,-0.74,0.0,0.0,0.0,-1
59.896,-21.84,143.67,-0.74,0.0,0.0,0.0,-1
59.969,-21.84,143.67,-0.74,0.0,0.0,0.0,-1
60.041,-21.84,143.67,-0.74,0.0,0.0,0.0,-1
60.111,-21.84,143.67,-0.74,0.0,0.0,0.0,-1
60.157,-21.84,143.67,-0.74,0.0,0.0,0.0,-1
60.224,-21.84,143.67,-0.74,0.0,0.0,0.0,-1
60.294,-21.84,143.67,-0.74,0.0,0.0,0.0,-1
60.364,-21.84,143.67,-0.74,0.0,0.0,0.0,-1
60.41,-21.84,143.67,-0.74,0.0,0.0,0.0,-1
60.479,-21.84,143.67,-0.74,0.0,0.0,0.0,-1
60.547,-21.84,143.67,-0.74,0.0,0.0,0.0,-1
60.617,-21.84,143.67,-0.74,0.0,0.0,0.0,-1
60.664,-21.84,143.67,-0.74,0.0,0.0,0.0,-1
60.735,-21.84,143.67,-0.74,0.0,0.0,0.0,-1
60.807,-21.84,143.67,-0.74,0.0,0.0,0.0,-1
60.856,-21.84,143.67,-0.74,0.0,0.0,0.0,-1
60.927,-21.84,143.67,-0.74,0.0,0.0,0.0,-1
60.998,-21.84,143.67,-0.74,0.0,0.0,0.0,-1
61.068,-21.84,143.67,-0.74,0.0,0.0,0.0,-1
61.115,-21.84,143.67,-0.74,0.0,0.0,0.0,-1
61.186,-21.84,143.67,-0.74,0.0,0.0,0.0,-1
61.256,-21.84,143.67,-0.74,0.0,0.0,0.0,-1
61.303,-21.84,143.67,-0.74,0.0,0.0,0.0,-1
61.374,-21.84,143.67,-0.74,0.0,0.0,0.0,-1
61.442,-21.84,143.67,-0.74,0.0,0.0,0.0,-1
61.512,-21.84,143.67,-0.74,0.0,0.0,0.0,-1
61.559,-21.84,143.67,-0.74,0.0,0.0,0.0,-1
61.628,-21.84,143.67,-0.74,0.0,0.0,0.0,-1
61.7,-21.84,143.67,-0.74,0.0,0.0,0.0,-1
61.77,-21.84,143.67,-0.74,0.0,0.0,0.0,-1
61.84,-21.84,143.67,-0.74,0.0,0.0,0.0,-1
61.888,-21.84,143.67,-0.74,0.0,0.0,0.0,-1
61.956,-21.84,143.67,-0.74,0.0,0.0,0.0,-1
62.002,-21.84,143.67,-0.74,0.0,0.0,0.0,-1
62.072,-21.84,143.67,-0.74,0.0,0.0,0.0,-1
62.14,-21.84,143.67,-0.74,0.0,0.0,0.0,-1
62.209,-21.84,143.67,-0.74,0.0,0.0,0.0,-1
62.256,-21.84,143.67,-0.74,0.0,0.0,0.0,-1
62.327,-21.84,143.67,-0.74,0.0,0.0,0.0,-1
62.401,-21.84,143.67,-0.74,0.03,0.0,0.0,-1
62.449,-21.84,143.67,-0.74,0.0,0.0,0.0,-1
62.541,-21.84,143.67,-0.74,0.0,0.0,0.0,-1
62.589,-21.84,143.67,-0.74,0.0,0.0,0.0,-1
62.661,-21.85,143.67,-0.74,0.01,0.0,0.0,-1
62.733,-21.85,143.67,-0.74,0.05,0.0,0.0,-1
62.782,-21.85,143.67,-0.74,0.08,0.0,0.0,-1
62.855,-21.85,143.67,-0.74,0.13,0.0,0.0,-1
62.903,-21.86,143.67,-0.74,0.16,0.0,0.0,-1
62.973,-21.86,143.67,-0.74,0.2,0.0,0.0,-1
63.043,-21.86,143.67,-0.74,0.25,0.0,0.0,-1
63.114,-21.86,143.67,-0.74,0.29,0.0,0.0,-1
63.16,-21.87,143.67,-0.74,0.32,0.0,0.0,-1
63.23,-21.87,143.67,-0.74,0.0,0.0,0.0,-1
63.303,-21.88,143.67,-0.74,0.0,0.0,0.0,-1
63.352,-21.9,143.67,-0.74,0.0,0.0,0.0,-1
63.423,-21.92,143.67,-0.74,0.0,0.0,0.0,-1
63.495,-21.93,143.67,-0.74,0.0,0.0,0.0,-1
63.542,-21.95,143.67,-0.74,0.0,0.0,0.0,-1
63.615,-21.97,143.67,-0.74,0.0,0.0,0.0,-1
63.687,-21.98,143.67,-0.74,0.0,0.0,0.0,-1
63.758,-22.0,143.67,-0.74,0.0,0.0,0.0,-1
63.806,-22.01,143.67,-0.74,0.0,0.0,0.0,-1
63.875,-22.03,143.67,-0.74,0.0,0.0,0.0,-1
63.925,-22.04,143.67,-0.74,0.0,0.0,0.0,-1
63.999,-22.05,143.67,-0.74,0.0,0.0,0.0,-1
64.073,-22.06,143.67,-0.74,0.0,0.0,0.0,-1
64.145,-22.08,143.67,-0.74,0.0,0.0,0.0,-1
64.193,-22.08,143.67,-0.74,0.0,0.0,0.0,-1
64.264,-22.1,143.67,-0.74,0.0,0.0,0.0,-1
64.336,-22.11,143.67,-0.74,0.01,0.0,0.0,-1
64.384,-22.11,143.67,-0.74,0.06,0.0,0.0,-1
64.431,-22.12,143.67,-0.74,0.1,0.0,0.0,-1
64.504,-22.13,143.67,-0.75,0.13,0.0,0.0,-1
64.575,-22.13,143.67,-0.75,0.0,0.0,0.0,-1
64.623,-22.14,143.67,-0.75,0.0,0.0,0.0,-1
64.719,-22.15,143.67,-0.75,0.0,0.0,0.0,-1
64.766,-22.16,143.67,-0.75,0.0,0.0,0.0,-1
64.815,-22.17,143.67,-0.75,0.0,0.0,0.0,-1
64.91,-22.18,143.67,-0.75,0.0,0.0,0.0,-1
64.957,-22.19,143.67,-0.75,0.0,0.0,0.0,-1
65.028,-22.2,143.67,-0.75,0.0,0.0,0.0,-1
65.098,-22.2,143.67,-0.75,0.0,0.0,0.6,-1
65.168,-22.2,143.67,-0.75,0.0,0.0,1.0,-1
65.215,-22.2,143.67,-0.75,0.0,0.0,1.0,-1
65.288,-22.2,143.67,-0.75,0.0,0.0,1.0,-1
65.336,-22.2,143.67,-0.75,0.0,0.0,0.0,-1
65.406,-22.2,143.67,-0.75,0.0,0.0,0.0,-1
65.478,-22.2,143.67,-0.75,0.0,0.0,0.0,-1
65.545,-22.2,143.67,-0.75,0.0,0.0,0.0,-1
65.594,-22.2,143.67,-0.75,0.0,0.0,0.0,-1
65.664,-22.2,143.67,-0.75,0.0,0.0,0.0,-1
65.736,-22.2,143.67,-0.75,0.0,0.0,0.0,-1
65.782,-22.2,143.67,-0.75,0.0,0.0,0.0,-1
65.856,-22.2,143.67,-0.75,0.0,0.0,0.0,-1
65.927,-22.2,143.67,-0.75,0.0,0.0,0.0,-1
