Time, x, y, angle, throttle, steer, brake, gear 
0.0,-25.0,139.0,0.0,0.0,0.0,0.0,1
0.07,-25.0,139.0,0.0,0.0,0.0,0.0,1
0.141,-25.0,139.0,0.0,0.0,0.0,0.0,1
0.186,-25.0,139.0,0.0,0.0,0.0,0.0,1
0.259,-25.0,139.0,0.0,0.0,0.0,0.0,1
0.333,-25.0,139.0,0.0,0.0,0.0,0.0,1
0.381,-25.0,139.0,0.0,0.0,0.0,0.0,1
0.451,-25.0,139.0,0.0,0.0,0.0,0.0,1
0.521,-25.0,139.0,0.0,0.0,0.0,0.0,1
0.567,-25.0,139.0,0.0,0.0,0.0,0.0,1
0.639,-25.0,139.0,0.0,0.0,0.0,0.0,1
0.71,-25.0,139.0,0.0,0.0,0.0,0.0,1
0.781,-25.0,139.0,0.0,0.0,0.0,0.0,1
0.833,-25.0,139.0,-0.0,0.0,0.0,0.0,1
0.878,-25.0,139.0,-0.0,0.0,0.0,0.0,1
0.945,-25.0,139.0,-0.0,0.0,0.0,0.0,1
1.038,-25.0,139.0,-0.0,0.0,0.0,0.0,1
1.085,-25.0,139.0,-0.0,0.0,0.0,0.0,1
1.154,-25.0,139.0,-0.0,0.0,0.0,0.0,1
1.223,-25.0,139.0,-0.0,0.0,0.0,0.0,1
1.27,-25.0,139.0,-0.0,0.0,0.1,0.0,1
1.337,-25.0,139.0,-0.0,0.0,0.1,0.0,1
1.407,-25.0,139.0,-0.0,0.0,0.1,0.0,1
1.473,-25.0,139.0,-0.0,0.0,0.2,0.0,1
1.542,-25.0,139.0,-0.0,0.0,0.2,0.0,1
1.586,-25.0,139.0,-0.0,0.0,0.2,0.0,1
1.676,-25.0,139.0,-0.0,0.0,0.3,0.0,1
1.721,-25.0,139.0,-0.0,0.0,0.3,0.0,1
1.789,-25.0,139.0,-0.0,0.0,0.3,0.0,1
1.855,-25.0,139.0,-0.0,0.0,0.4,0.0,1
1.923,-25.0,139.0,-0.0,0.04,0.4,0.0,1
1.991,-25.0,139.0,-0.0,0.08,0.4,0.0,1
2.058,-25.0,139.0,-0.0,0.12,0.5,0.0,1
2.125,-25.0,139.0,0.0,0.16,0.5,0.0,1
2.171,-25.0,139.0,0.0,0.19,0.5,0.0,1
2.239,-25.0,139.0,0.0,0.23,0.5,0.0,1
2.308,-25.0,139.0,0.0,0.28,0.6,0.0,1
2.377,-25.0,139.0,0.0,0.32,0.6,0.0,1
2.445,-25.0,139.0,0.0,0.36,0.6,0.0,1
2.49,-25.0,139.0,0.0,0.39,0.7,0.0,1
2.557,-25.0,139.0,0.0,0.43,0.7,0.0,1
2.625,-25.0,139.0,0.0,0.48,0.7,0.0,1
2.692,-25.0,139.0,0.0,0.52,0.7,0.0,1
2.761,-25.0,139.0,0.0,0.56,0.7,0.0,1
2.829,-25.0,139.0,0.0,0.6,0.7,0.0,1
2.896,-25.0,139.0,0.0,0.63,0.7,0.0,1
2.94,-25.0,139.0,0.0,0.0,0.7,0.0,1
3.007,-25.0,139.0,0.0,0.0,0.7,0.0,1
3.076,-24.97,139.01,0.51,0.0,0.7,0.0,1
3.145,-24.92,139.03,1.45,0.0,0.7,0.0,1
3.214,-24.86,139.06,2.5,0.0,0.7,0.0,1
3.259,-24.82,139.08,3.19,0.0,0.7,0.0,1
3.328,-24.76,139.1,4.23,0.0,0.7,0.0,1
3.374,-24.7,139.13,5.25,0.0,0.7,0.0,1
3.466,-24.65,139.16,6.19,0.0,0.7,0.0,1
3.533,-24.6,139.18,7.02,0.03,0.7,0.0,1
3.602,-24.56,139.2,7.75,0.06,0.7,0.0,1
3.647,-24.54,139.22,8.19,0.1,0.7,0.0,1
3.713,-24.5,139.24,8.79,0.15,0.7,0.0,1
3.782,-24.47,139.25,9.36,0.19,0.7,0.0,1
3.849,-24.44,139.27,9.86,0.23,0.0,0.0,1
3.917,-24.41,139.28,10.14,0.27,0.0,0.0,1
3.962,-24.39,139.29,10.2,0.3,0.0,0.0,1
4.031,-24.36,139.29,10.21,0.34,0.0,0.0,1
4.099,-24.32,139.3,10.2,0.39,0.0,0.0,1
4.167,-24.28,139.31,10.19,0.43,0.0,0.0,1
4.236,-24.23,139.32,10.19,0.47,0.0,0.0,1
4.302,-24.17,139.33,10.19,0.51,0.0,0.0,1
4.347,-24.11,139.34,10.19,0.54,0.0,0.0,1
4.416,-24.06,139.35,10.19,0.58,0.0,0.0,1
4.485,-23.97,139.36,10.19,0.63,0.0,0.0,1
4.533,-23.88,139.38,10.19,0.0,0.0,0.0,1
4.622,-23.78,139.4,10.19,0.0,0.0,0.0,1
4.668,-23.68,139.42,10.19,0.0,0.0,0.0,1
4.733,-23.62,139.43,10.2,0.0,0.1,0.0,1
4.803,-23.52,139.45,10.41,0.0,0.1,0.0,1
4.87,-23.43,139.47,10.62,0.0,0.1,0.0,1
4.935,-23.35,139.49,10.87,0.0,0.2,0.0,1
4.98,-23.27,139.51,11.24,0.0,0.2,0.0,1
5.069,-23.2,139.54,11.58,0.0,0.2,0.0,1
5.137,-23.13,139.56,11.92,0.0,0.2,0.0,1
5.183,-23.09,139.58,12.22,0.0,0.3,0.0,1
5.249,-23.03,139.59,12.44,0.0,0.0,0.0,1
5.316,-22.97,139.61,12.43,0.03,0.0,0.0,1
5.383,-22.92,139.62,12.43,0.07,0.0,0.0,1
5.448,-22.88,139.63,12.43,0.11,0.0,0.0,1
5.491,-22.83,139.64,12.43,0.15,0.0,0.0,1
5.559,-22.81,139.64,12.43,0.18,0.0,0.0,1
5.627,-22.76,139.65,12.43,0.22,0.0,0.0,1
5.694,-22.74,139.66,12.43,0.26,0.0,0.0,1
5.762,-22.7,139.67,12.43,0.31,0.0,0.0,1
5.83,-22.67,139.67,12.43,0.35,0.0,0.0,1
5.874,-22.63,139.68,12.43,0.39,0.0,0.0,1
5.962,-22.59,139.69,12.42,0.43,0.0,0.0,1
6.029,-22.53,139.7,12.42,0.47,0.0,0.0,1
6.077,-22.49,139.71,12.42,0.5,0.0,0.0,1
6.143,-22.43,139.73,12.42,0.54,0.0,0.0,1
6.214,-22.35,139.74,12.42,0.59,0.0,0.0,1
6.281,-22.27,139.76,12.42,0.63,0.0,0.0,1
6.348,-22.17,139.78,12.42,0.67,0.0,0.0,1
6.416,-22.07,139.81,12.42,0.7,0.0,0.0,1
6.461,-21.99,139.82,12.43,0.0,0.0,0.0,1
6.529,-21.87,139.85,12.45,0.0,0.0,0.0,1
6.597,-21.74,139.88,12.45,0.0,0.0,0.0,1
6.663,-21.62,139.9,12.45,0.0,0.0,0.0,1
6.73,-21.51,139.93,12.45,0.0,0.0,0.0,1
6.777,-21.43,139.95,12.45,0.0,0.0,0.0,1
6.845,-21.32,139.97,12.45,0.0,0.0,0.0,1
6.911,-21.22,139.99,12.45,0.02,0.0,0.0,1
6.981,-21.13,140.01,12.45,0.07,0.0,0.0,1
7.049,-21.04,140.03,12.45,0.11,0.0,0.0,1
7.115,-20.96,140.05,12.45,0.15,0.0,0.0,1
7.184,-20.88,140.07,12.45,0.0,0.0,0.0,1
7.23,-20.82,140.08,12.45,0.0,0.0,0.0,1
7.299,-20.74,140.1,12.32,0.0,-0.1,0.0,1
7.345,-20.67,140.11,12.14,0.0,-0.1,0.0,1
7.434,-20.6,140.12,11.98,0.0,-0.1,0.0,1
7.501,-20.54,140.13,11.73,0.0,-0.2,0.0,1
7.568,-20.48,140.13,11.45,0.0,-0.2,0.0,1
7.614,-20.44,140.14,11.26,0.0,-0.2,0.0,1
7.683,-20.38,140.14,10.95,0.0,-0.3,0.0,1
7.752,-20.32,140.14,10.67,0.0,0.0,0.0,1
7.821,-20.28,140.15,10.64,0.04,0.0,0.0,1
7.867,-20.25,140.16,10.64,0.07,0.0,0.0,1
7.936,-20.21,140.17,10.63,0.11,0.0,0.0,1
7.982,-20.17,140.17,10.63,0.16,0.0,0.0,1
8.051,-20.14,140.18,10.63,0.2,0.0,0.0,1
8.12,-20.11,140.18,10.63,0.24,0.0,0.0,1
8.207,-20.08,140.19,10.63,0.27,0.0,0.0,1
8.253,-20.06,140.19,10.64,0.31,0.0,0.0,1
8.321,-20.02,140.2,10.64,0.36,0.0,0.0,1
8.391,-19.98,140.21,10.64,0.4,0.0,0.0,1
8.46,-19.94,140.22,10.64,0.44,0.0,0.0,1
8.529,-19.89,140.23,10.64,0.47,0.0,0.0,1
8.573,-19.85,140.23,10.64,0.51,0.0,0.0,1
8.64,-19.79,140.24,10.64,0.56,0.0,0.0,1
8.71,-19.72,140.26,10.64,0.6,0.0,0.0,1
8.755,-19.63,140.27,10.64,0.64,0.0,0.0,1
8.844,-19.54,140.29,10.64,0.0,0.0,0.0,1
8.889,-19.44,140.31,10.64,0.0,0.0,0.0,1
8.957,-19.37,140.32,10.64,0.0,0.0,0.0,1
9.024,-19.27,140.34,10.64,0.0,0.0,0.0,1
9.071,-19.18,140.36,10.64,0.0,0.0,0.0,1
9.162,-19.09,140.38,10.64,0.0,0.0,0.0,1
9.229,-19.0,140.39,10.64,0.0,0.0,0.0,1
9.297,-18.92,140.41,10.64,0.0,0.0,0.0,1
9.342,-18.87,140.42,10.64,0.0,0.0,0.0,1
9.411,-18.79,140.43,10.62,0.0,-0.1,0.0,1
9.479,-18.73,140.44,10.48,0.0,-0.1,0.0,1
9.547,-18.66,140.45,10.32,0.0,-0.1,0.0,1
9.614,-18.6,140.46,10.16,0.0,-0.2,0.0,1
9.66,-18.56,140.46,9.99,0.0,-0.2,0.0,1
9.727,-18.5,140.46,9.73,0.0,-0.2,0.0,1
9.795,-18.45,140.47,9.49,0.0,-0.2,0.0,1
9.862,-18.4,140.47,9.19,0.0,-0.3,0.0,1
9.93,-18.35,140.47,8.87,0.0,-0.3,0.0,1
9.999,-18.31,140.47,8.56,0.0,-0.3,0.0,1
10.045,-18.28,140.47,8.33,0.0,-0.4,0.0,1
10.112,-18.24,140.46,7.98,0.0,-0.4,0.0,1
10.181,-18.2,140.46,7.64,0.0,-0.4,0.0,1
10.249,-18.17,140.46,7.29,0.0,-0.5,0.0,1
10.315,-18.14,140.45,6.93,0.0,-0.5,0.0,1
10.36,-18.12,140.45,6.7,0.0,-0.5,0.0,1
10.428,-18.09,140.45,6.34,0.0,-0.6,0.0,1
10.494,-18.06,140.44,5.97,0.0,-0.6,0.0,1
10.561,-18.04,140.44,5.62,0.0,-0.6,0.0,1
10.629,-18.01,140.43,5.27,0.0,-0.7,0.0,1
10.696,-17.99,140.42,4.92,0.0,0.0,0.0,1
10.739,-17.97,140.42,4.71,0.02,0.0,0.0,1
10.831,-17.95,140.42,4.64,0.05,0.0,0.0,1
10.877,-17.94,140.42,4.64,0.09,0.0,0.0,1
10.946,-17.93,140.42,4.64,0.14,0.0,0.0,1
11.015,-17.91,140.42,4.64,0.18,0.0,0.0,1
11.083,-17.9,140.42,4.64,0.22,0.0,0.0,1
11.152,-17.9,140.43,4.64,0.25,0.0,0.0,1
11.198,-17.89,140.43,4.64,0.29,0.0,0.0,1
11.268,-17.88,140.43,4.64,0.34,0.0,0.0,1
11.313,-17.87,140.43,4.64,0.38,0.0,0.0,1
11.384,-17.86,140.43,4.64,0.0,0.0,0.0,1
11.453,-17.83,140.43,4.64,0.0,0.0,0.0,1
11.521,-17.8,140.43,4.64,0.0,0.0,0.0,1
11.59,-17.76,140.44,4.64,0.0,0.0,0.0,1
11.655,-17.73,140.44,4.64,0.02,0.0,0.0,1
11.721,-17.71,140.44,4.64,0.06,0.0,0.0,1
11.789,-17.68,140.44,4.64,0.1,0.0,0.0,1
11.855,-17.67,140.44,4.64,0.13,0.0,0.0,1
11.9,-17.65,140.45,4.64,0.17,0.0,0.0,1
11.967,-17.64,140.45,4.65,0.21,0.0,0.0,1
12.036,-17.62,140.45,4.65,0.26,0.0,0.0,1
12.105,-17.61,140.45,4.64,0.3,0.0,0.0,1
12.172,-17.59,140.45,4.63,0.34,0.0,0.0,1
12.24,-17.56,140.45,4.62,0.37,0.0,0.0,1
12.285,-17.54,140.45,4.63,0.41,0.0,0.0,1
12.354,-17.51,140.46,4.63,0.46,0.0,0.0,1
12.423,-17.48,140.46,4.63,0.5,0.0,0.0,1
12.493,-17.43,140.46,4.63,0.54,0.0,0.0,1
12.561,-17.38,140.47,4.63,0.57,0.0,0.0,1
12.606,-17.34,140.47,4.63,0.61,0.0,0.0,1
12.675,-17.27,140.48,4.62,0.0,0.0,0.0,1
12.745,-17.19,140.48,4.62,0.0,0.0,0.0,1
12.791,-17.11,140.49,4.62,0.0,0.0,0.0,1
12.858,-17.05,140.49,4.62,0.0,0.0,0.0,1
12.927,-16.97,140.5,4.62,0.0,0.0,0.0,1
12.995,-16.89,140.51,4.61,0.0,-0.1,0.0,1
13.064,-16.81,140.51,4.44,0.0,-0.1,0.0,1
13.13,-16.74,140.51,4.28,0.0,-0.1,0.0,1
13.197,-16.68,140.51,4.07,0.0,-0.2,0.0,1
13.241,-16.62,140.51,3.79,0.0,-0.2,0.0,1
13.308,-16.58,140.51,3.6,0.0,-0.2,0.0,1
13.376,-16.52,140.51,3.34,0.0,-0.2,0.0,1
13.445,-16.46,140.5,3.0,0.0,-0.3,0.0,1
13.49,-16.41,140.5,2.65,0.0,-0.3,0.0,1
13.582,-16.36,140.49,2.31,0.0,-0.4,0.0,1
13.626,-16.32,140.48,1.92,0.0,-0.4,0.0,1
13.694,-16.29,140.48,1.66,0.0,-0.4,0.0,1
13.762,-16.25,140.47,1.31,0.0,0.0,0.0,1
13.831,-16.21,140.47,1.2,0.0,0.0,0.0,1
13.875,-16.18,140.47,1.2,0.0,0.0,0.0,1
13.944,-16.14,140.47,1.2,0.01,0.0,0.0,1
14.013,-16.12,140.47,1.2,0.05,0.0,0.0,1
14.082,-16.1,140.47,1.2,0.1,0.0,0.0,1
14.15,-16.08,140.47,1.2,0.14,0.0,0.0,1
14.217,-16.06,140.47,1.2,0.18,0.0,0.0,1
14.283,-16.04,140.47,1.2,0.0,0.0,0.0,1
14.353,-16.01,140.47,1.2,0.0,0.0,0.0,1
14.398,-15.99,140.47,1.2,0.0,0.0,0.0,1
14.466,-15.97,140.47,1.2,0.0,0.0,0.0,1
14.534,-15.94,140.47,1.2,0.0,0.0,0.0,1
14.603,-15.92,140.48,1.2,0.0,0.0,0.0,1
14.65,-15.89,140.48,1.2,0.0,0.0,0.0,1
14.719,-15.88,140.48,1.2,0.0,0.0,0.0,1
14.79,-15.86,140.48,1.2,0.0,0.0,0.0,1
14.855,-15.84,140.48,1.2,0.0,0.0,0.0,1
14.922,-15.82,140.48,1.2,0.0,0.0,0.0,1
14.99,-15.8,140.48,1.2,0.0,0.0,0.0,1
15.035,-15.79,140.48,1.2,0.0,0.0,0.0,1
15.102,-15.78,140.48,1.2,0.0,0.0,0.2,1
15.172,-15.78,140.48,1.2,0.0,0.0,1.0,1
15.216,-15.78,140.48,1.2,0.0,0.0,1.0,1
15.308,-15.78,140.48,1.2,0.0,0.0,1.0,1
15.376,-15.78,140.48,1.2,0.0,0.0,0.0,1
15.422,-15.78,140.48,1.2,0.0,0.0,0.0,1
15.491,-15.78,140.48,1.2,0.0,0.0,0.0,1
15.561,-15.78,140.48,1.2,0.0,0.0,0.0,1
15.604,-15.78,140.48,1.2,0.0,0.0,0.0,1
15.672,-15.78,140.48,1.2,0.0,0.0,0.0,1
15.762,-15.78,140.48,1.2,0.0,0.0,0.0,1
15.806,-15.78,140.48,1.2,0.0,0.0,0.0,1
15.874,-15.78,140.48,1.2,0.0,0.0,0.0,1
15.942,-15.78,140.48,1.2,0.0,0.0,0.0,1
16.009,-15.78,140.48,1.2,0.0,0.0,0.0,1
16.078,-15.78,140.48,1.2,0.0,0.0,0.0,1
16.145,-15.78,140.48,1.2,0.0,0.0,0.0,1
16.189,-15.78,140.48,1.2,0.0,0.0,0.0,-1
16.256,-15.78,140.48,1.2,0.0,0.0,0.0,-1
16.323,-15.78,140.48,1.2,0.0,0.0,0.0,-1
16.391,-15.78,140.48,1.2,0.0,0.0,0.0,-1
16.46,-15.78,140.48,1.2,0.0,0.1,0.0,-1
16.504,-15.78,140.48,1.2,0.0,0.1,0.0,-1
16.572,-15.78,140.48,1.2,0.0,0.1,0.0,-1
16.639,-15.78,140.48,1.2,0.0,0.2,0.0,-1
16.711,-15.78,140.48,1.2,0.0,0.2,0.0,-1
16.756,-15.78,140.48,1.2,0.0,0.2,0.0,-1
16.824,-15.78,140.48,1.2,0.0,0.3,0.0,-1
16.894,-15.78,140.48,1.2,0.0,0.3,0.0,-1
16.963,-15.78,140.48,1.2,0.0,0.3,0.0,-1
17.031,-15.78,140.48,1.2,0.0,0.4,0.0,-1
17.099,-15.78,140.48,1.2,0.0,0.4,0.0,-1
17.167,-15.78,140.48,1.21,0.04,0.4,0.0,-1
17.21,-15.78,140.48,1.22,0.07,0.4,0.0,-1
17.278,-15.78,140.48,1.23,0.11,0.5,0.0,-1
17.344,-15.78,140.48,1.23,0.15,0.5,0.0,-1
17.415,-15.78,140.48,1.23,0.2,0.6,0.0,-1
17.483,-15.78,140.48,1.21,0.24,0.6,0.0,-1
17.551,-15.78,140.48,1.17,0.27,0.6,0.0,-1
17.599,-15.79,140.48,1.15,0.31,0.6,0.0,-1
17.669,-15.79,140.48,1.1,0.36,0.7,0.0,-1
17.738,-15.79,140.47,1.05,0.4,0.7,0.0,-1
17.806,-15.8,140.47,0.88,0.0,0.7,0.0,-1
17.852,-15.82,140.46,0.56,0.0,0.7,0.0,-1
17.92,-15.83,140.46,0.3,0.0,0.7,0.0,-1
17.988,-15.85,140.45,-0.09,0.0,0.7,0.0,-1
18.057,-15.88,140.44,-0.48,0.0,0.7,0.0,-1
18.125,-15.9,140.43,-0.86,0.0,0.7,0.0,-1
18.191,-15.92,140.42,-1.22,0.0,0.7,0.0,-1
18.24,-15.93,140.42,-1.46,0.0,0.7,0.0,-1
18.307,-15.95,140.41,-1.79,0.0,0.7,0.0,-1
18.376,-15.97,140.41,-2.11,0.0,0.7,0.0,-1
18.442,-15.99,140.4,-2.4,0.03,0.7,0.0,-1
18.488,-16.0,140.39,-2.64,0.06,0.7,0.0,-1
18.556,-16.01,140.39,-2.79,0.1,0.7,0.0,-1
18.604,-16.02,140.39,-3.01,0.15,0.7,0.0,-1
18.7,-16.03,140.38,-3.19,0.19,0.7,0.0,-1
18.745,-16.04,140.38,-3.29,0.22,0.7,0.0,-1
18.814,-16.05,140.38,-3.44,0.26,0.7,0.0,-1
18.885,-16.06,140.38,-3.64,0.31,0.7,0.0,-1
18.955,-16.07,140.37,-3.87,0.0,0.7,0.0,-1
19.001,-16.09,140.37,-4.09,0.0,0.7,0.0,-1
19.072,-16.11,140.36,-4.52,0.0,0.7,0.0,-1
19.139,-16.14,140.35,-4.96,0.0,0.7,0.0,-1
19.207,-16.16,140.34,-5.41,0.0,0.7,0.0,-1
19.252,-16.19,140.34,-5.84,0.0,0.7,0.0,-1
19.345,-16.21,140.33,-6.27,0.0,0.7,0.0,-1
19.39,-16.23,140.33,-6.53,0.0,0.7,0.0,-1
19.461,-16.25,140.32,-6.93,0.0,0.7,0.0,-1
19.529,-16.27,140.31,-7.29,0.0,0.7,0.0,-1
19.575,-16.3,140.31,-7.65,0.0,0.7,0.0,-1
19.643,-16.31,140.31,-7.86,0.0,0.7,0.0,-1
19.714,-16.33,140.3,-8.17,0.05,0.7,0.0,-1
19.783,-16.34,140.3,-8.42,0.09,0.7,0.0,-1
19.852,-16.36,140.3,-8.64,0.13,0.7,0.0,-1
19.898,-16.36,140.29,-8.78,0.16,0.7,0.0,-1
19.967,-16.37,140.29,-8.96,0.2,0.7,0.0,-1
20.036,-16.38,140.29,-9.12,0.25,0.7,0.0,-1
20.104,-16.39,140.29,-9.3,0.29,0.7,0.0,-1
20.174,-16.41,140.28,-9.49,0.33,0.7,0.0,-1
20.221,-16.41,140.28,-9.61,0.36,0.7,0.0,-1
20.289,-16.43,140.28,-9.89,0.41,0.7,0.0,-1
20.335,-16.45,140.27,-10.28,0.45,0.7,0.0,-1
20.429,-16.48,140.27,-10.76,0.49,0.7,0.0,-1
20.476,-16.5,140.26,-11.16,0.52,0.7,0.0,-1
20.545,-16.55,140.26,-11.9,0.57,0.7,0.0,-1
20.616,-16.6,140.25,-12.83,0.0,0.7,0.0,-1
20.685,-16.66,140.24,-13.84,0.0,0.7,0.0,-1
20.732,-16.71,140.23,-14.57,0.0,0.7,0.0,-1
20.803,-16.78,140.23,-15.65,0.0,0.0,0.0,-1
20.851,-16.84,140.23,-16.3,0.0,0.0,0.0,-1
20.923,-16.89,140.24,-16.42,0.0,0.0,0.0,-1
20.995,-16.95,140.26,-16.42,0.0,0.0,0.0,-1
21.067,-17.01,140.28,-16.42,0.0,0.0,0.0,-1
21.138,-17.07,140.29,-16.42,0.0,0.0,0.0,-1
21.185,-17.1,140.3,-16.43,0.0,0.1,0.0,-1
21.254,-17.15,140.31,-16.55,0.0,0.1,0.0,-1
21.324,-17.2,140.33,-16.66,0.0,0.1,0.0,-1
21.392,-17.24,140.34,-16.78,0.0,0.1,0.0,-1
21.439,-17.27,140.34,-16.91,0.0,0.2,0.0,-1
21.508,-17.31,140.35,-17.11,0.0,0.2,0.0,-1
21.554,-17.35,140.36,-17.29,0.03,0.2,0.0,-1
21.624,-17.38,140.36,-17.47,0.06,0.3,0.0,-1
21.694,-17.4,140.37,-17.6,0.1,0.3,0.0,-1
21.765,-17.43,140.37,-17.77,0.15,0.3,0.0,-1
21.835,-17.45,140.37,-17.96,0.19,0.4,0.0,-1
21.89,-17.47,140.38,-18.12,0.23,0.4,0.0,-1
21.935,-17.49,140.38,-18.33,0.27,0.4,0.0,-1
22.029,-17.52,140.38,-18.55,0.31,0.5,0.0,-1
22.098,-17.54,140.38,-18.87,0.34,0.5,0.0,-1
22.145,-17.56,140.38,-19.11,0.38,0.5,0.0,-1
22.216,-17.6,140.39,-19.53,0.43,0.6,0.0,-1
22.264,-17.64,140.39,-20.07,0.46,0.6,0.0,-1
22.334,-17.67,140.39,-20.48,0.5,0.6,0.0,-1
22.405,-17.72,140.39,-21.19,0.55,0.7,0.0,-1
22.452,-17.78,140.39,-22.13,0.59,0.7,0.0,-1
22.523,-17.83,140.39,-22.87,0.0,0.7,0.0,-1
22.596,-17.9,140.4,-24.1,0.0,0.7,0.0,-1
22.666,-17.98,140.4,-25.36,0.0,0.7,0.0,-1
22.715,-18.03,140.4,-26.22,0.0,0.7,0.0,-1
22.784,-18.11,140.41,-27.41,0.0,0.7,0.0,-1
22.852,-18.18,140.42,-28.5,0.0,0.0,0.0,-1
22.922,-18.24,140.44,-29.18,0.0,0.0,0.0,-1
22.969,-18.3,140.47,-29.32,0.0,0.0,0.0,-1
23.039,-18.34,140.49,-29.33,0.0,0.0,0.0,-1
23.086,-18.4,140.52,-29.33,0.0,0.0,0.0,-1
23.178,-18.45,140.55,-29.33,0.0,0.0,0.0,-1
23.225,-18.5,140.58,-29.33,0.0,0.0,0.0,-1
23.298,-18.53,140.6,-29.32,0.0,0.0,0.0,-1
23.37,-18.58,140.62,-29.41,0.0,0.1,0.0,-1
23.439,-18.62,140.64,-29.53,0.0,0.1,0.0,-1
23.486,-18.65,140.65,-29.6,0.0,0.1,0.0,-1
23.558,-18.69,140.67,-29.78,0.0,0.2,0.0,-1
23.629,-18.72,140.69,-29.97,0.0,0.2,0.0,-1
23.675,-18.75,140.7,-30.09,0.0,0.2,0.0,-1
23.724,-18.78,140.72,-30.31,0.0,0.3,0.0,-1
23.817,-18.82,140.73,-30.55,0.0,0.3,0.0,-1
23.887,-18.85,140.74,-30.78,0.0,0.3,0.0,-1
23.934,-18.87,140.75,-30.96,0.0,0.4,0.0,-1
24.007,-18.9,140.76,-31.24,0.02,0.4,0.0,-1
24.078,-18.92,140.77,-31.48,0.06,0.4,0.0,-1
24.124,-18.94,140.77,-31.62,0.09,0.5,0.0,-1
24.195,-18.96,140.78,-31.83,0.14,0.5,0.0,-1
24.243,-18.97,140.78,-32.04,0.18,0.5,0.0,-1
24.316,-18.98,140.79,-32.17,0.21,0.6,0.0,-1
24.363,-19.0,140.79,-32.37,0.26,0.6,0.0,-1
24.46,-19.02,140.8,-32.61,0.3,0.6,0.0,-1
24.505,-19.03,140.8,-32.79,0.33,0.6,0.0,-1
24.575,-19.05,140.8,-33.13,0.37,0.7,0.0,-1
24.622,-19.08,140.81,-33.58,0.42,0.7,0.0,-1
24.716,-19.11,140.82,-34.09,0.0,0.7,0.0,-1
24.762,-19.14,140.82,-34.69,0.0,0.7,0.0,-1
24.83,-19.17,140.83,-35.16,0.0,0.7,0.0,-1
24.9,-19.22,140.84,-35.92,0.0,0.7,0.0,-1
24.97,-19.26,140.85,-36.64,0.0,0.0,0.0,-1
25.018,-19.29,140.87,-36.97,0.0,0.0,0.0,-1
25.091,-19.33,140.89,-37.14,0.0,0.0,0.0,-1
25.164,-19.36,140.92,-37.14,0.0,0.0,0.0,-1
25.213,-19.39,140.93,-37.18,0.0,0.1,0.0,-1
25.285,-19.42,140.96,-37.23,0.0,0.0,0.0,-1
25.356,-19.45,140.98,-37.23,0.0,0.0,0.0,-1
25.426,-19.48,141.0,-37.23,0.0,0.0,0.0,-1
25.473,-19.5,141.02,-37.24,0.0,0.1,0.0,-1
25.522,-19.52,141.04,-37.31,0.0,0.1,0.0,-1
25.616,-19.55,141.05,-37.38,0.0,0.1,0.0,-1
25.662,-19.56,141.06,-37.44,0.0,0.2,0.0,-1
25.736,-19.59,141.08,-37.57,0.0,0.2,0.0,-1
25.807,-19.61,141.09,-37.69,0.0,0.2,0.0,-1
25.856,-19.63,141.1,-37.78,0.0,0.3,0.0,-1
25.929,-19.65,141.11,-37.95,0.0,0.3,0.0,-1
26.0,-19.67,141.12,-38.1,0.0,0.3,0.0,-1
26.047,-19.68,141.13,-38.2,0.0,0.3,0.0,-1
26.119,-19.7,141.14,-38.38,0.0,0.4,0.0,-1
26.189,-19.72,141.15,-38.56,0.0,0.4,0.0,-1
26.238,-19.73,141.16,-38.67,0.0,0.4,0.0,-1
26.309,-19.74,141.16,-38.86,0.0,0.5,0.0,-1
26.379,-19.76,141.17,-39.05,0.0,0.5,0.0,-1
26.426,-19.77,141.17,-39.17,0.0,0.5,0.0,-1
26.499,-19.78,141.18,-39.37,0.0,0.6,0.0,-1
26.545,-19.8,141.18,-39.57,0.0,0.6,0.0,-1
26.615,-19.8,141.19,-39.69,0.0,0.6,0.0,-1
26.687,-19.82,141.19,-39.88,0.0,0.7,0.0,-1
26.758,-19.83,141.2,-40.06,0.01,0.7,0.0,-1
26.807,-19.84,141.2,-40.25,0.04,0.7,0.0,-1
26.878,-19.85,141.2,-40.34,0.08,0.0,0.0,-1
26.948,-19.85,141.21,-40.42,0.13,0.0,0.0,-1
27.017,-19.86,141.21,-40.42,0.17,0.0,0.0,-1
27.088,-19.86,141.22,-40.43,0.2,0.0,0.0,-1
27.135,-19.87,141.22,-40.43,0.24,0.0,0.0,-1
27.204,-19.87,141.22,-40.42,0.29,0.0,0.0,-1
27.274,-19.88,141.23,-40.42,0.33,0.0,0.0,-1
27.342,-19.89,141.24,-40.41,0.37,0.0,0.0,-1
27.39,-19.9,141.24,-40.42,0.0,0.0,0.0,-1
27.437,-19.91,141.26,-40.41,0.0,0.0,0.0,-1
27.532,-19.94,141.28,-40.41,0.0,0.0,0.0,-1
27.58,-19.95,141.29,-40.41,0.0,0.0,0.0,-1
27.651,-19.97,141.31,-40.41,0.0,0.0,0.0,-1
27.722,-19.99,141.33,-40.41,0.0,0.0,0.0,-1
27.77,-20.02,141.34,-40.41,0.0,0.0,0.0,-1
27.842,-20.03,141.36,-40.41,0.01,0.0,0.0,-1
27.912,-20.05,141.37,-40.41,0.05,0.0,0.0,-1
27.983,-20.06,141.38,-40.41,0.09,0.0,0.0,-1
28.031,-20.07,141.39,-40.41,0.12,0.0,0.0,-1
28.103,-20.08,141.4,-40.41,0.17,0.0,0.0,-1
28.174,-20.09,141.41,-40.41,0.21,0.0,0.0,-1
28.222,-20.1,141.41,-40.42,0.24,0.0,0.0,-1
28.295,-20.11,141.42,-40.42,0.29,0.0,0.0,-1
28.367,-20.12,141.43,-40.43,0.32,0.0,0.0,-1
28.415,-20.13,141.44,-40.43,0.36,0.0,0.0,-1
28.484,-20.14,141.45,-40.43,0.0,0.0,0.0,-1
28.553,-20.17,141.47,-40.44,0.0,0.0,0.0,-1
28.622,-20.19,141.5,-40.44,0.0,0.0,0.0,-1
28.671,-20.21,141.51,-40.44,0.0,0.0,0.0,-1
28.717,-20.24,141.54,-40.44,0.0,0.0,0.0,-1
28.788,-20.27,141.56,-40.44,0.0,0.0,0.0,-1
28.859,-20.29,141.58,-40.44,0.0,0.0,0.0,-1
28.928,-20.32,141.6,-40.44,0.0,0.0,0.0,-1
28.998,-20.34,141.62,-40.44,0.0,0.0,0.0,-1
29.045,-20.36,141.64,-40.44,0.0,0.0,0.0,-1
29.115,-20.38,141.65,-40.44,0.0,0.0,0.0,-1
29.184,-20.4,141.67,-40.39,0.0,-0.1,0.0,-1
29.256,-20.42,141.69,-40.33,0.0,-0.1,0.0,-1
29.325,-20.44,141.71,-40.27,0.0,-0.1,0.0,-1
29.374,-20.45,141.72,-40.21,0.0,-0.2,0.0,-1
29.446,-20.46,141.74,-40.1,0.0,-0.2,0.0,-1
29.494,-20.48,141.75,-40.0,0.0,-0.2,0.0,-1
29.564,-20.49,141.76,-39.91,0.0,-0.3,0.0,-1
29.631,-20.5,141.78,-39.78,0.0,-0.3,0.0,-1
29.702,-20.51,141.79,-39.65,0.0,-0.3,0.0,-1
29.773,-20.52,141.8,-39.52,0.0,-0.4,0.0,-1
29.819,-20.53,141.81,-39.42,0.0,-0.4,0.0,-1
29.888,-20.54,141.82,-39.27,0.0,-0.4,0.0,-1
29.958,-20.55,141.84,-39.13,0.0,-0.5,0.0,-1
30.028,-20.56,141.85,-38.97,0.0,-0.5,0.0,-1
30.074,-20.57,141.86,-38.82,0.0,-0.5,0.0,-1
30.144,-20.57,141.87,-38.72,0.02,-0.6,0.0,-1
30.19,-20.58,141.87,-38.59,0.07,-0.6,0.0,-1
30.286,-20.58,141.88,-38.46,0.11,-0.6,0.0,-1
30.333,-20.59,141.89,-38.39,0.14,-0.6,0.0,-1
30.405,-20.59,141.89,-38.29,0.19,-0.7,0.0,-1
30.477,-20.59,141.9,-38.16,0.0,-0.7,0.0,-1
30.524,-20.6,141.91,-38.03,0.0,-0.7,0.0,-1
30.594,-20.61,141.92,-37.8,0.0,-0.7,0.0,-1
30.663,-20.61,141.93,-37.57,0.0,-0.7,0.0,-1
30.733,-20.62,141.94,-37.34,0.0,-0.7,0.0,-1
30.78,-20.62,141.95,-37.19,0.0,-0.7,0.0,-1
30.85,-20.63,141.96,-36.98,0.0,-0.7,0.0,-1
30.923,-20.64,141.97,-36.76,0.0,-0.7,0.0,-1
30.969,-20.64,141.98,-36.64,0.0,-0.7,0.0,-1
31.041,-20.65,141.99,-36.45,0.0,-0.7,0.0,-1
31.11,-20.65,142.0,-36.27,0.0,-0.7,0.0,-1
31.179,-20.66,142.01,-36.1,0.0,-0.7,0.0,-1
31.223,-20.67,142.01,-35.95,0.0,-0.7,0.0,-1
31.294,-20.67,142.02,-35.84,0.0,-0.7,0.0,-1
31.341,-20.67,142.03,-35.71,0.05,-0.7,0.0,-1
31.414,-20.68,142.03,-35.59,0.09,-0.7,0.0,-1
31.484,-20.68,142.04,-35.52,0.12,-0.7,0.0,-1
31.555,-20.68,142.04,-35.43,0.17,-0.7,0.0,-1
31.624,-20.69,142.05,-35.35,0.21,-0.7,0.0,-1
31.695,-20.69,142.05,-35.28,0.24,-0.7,0.0,-1
31.741,-20.69,142.05,-35.23,0.28,-0.7,0.0,-1
31.813,-20.69,142.06,-35.16,0.33,-0.7,0.0,-1
31.882,-20.7,142.06,-35.01,0.37,-0.7,0.0,-1
31.951,-20.7,142.07,-34.79,0.41,-0.7,0.0,-1
31.999,-20.71,142.08,-34.58,0.44,-0.7,0.0,-1
32.047,-20.72,142.1,-34.21,0.49,-0.7,0.0,-1
32.143,-20.74,142.13,-33.73,0.0,-0.7,0.0,-1
32.191,-20.76,142.15,-33.32,0.0,-0.7,0.0,-1
32.238,-20.78,142.18,-32.59,0.0,-0.7,0.0,-1
32.333,-20.81,142.22,-31.86,0.0,-0.7,0.0,-1
32.38,-20.83,142.24,-31.38,0.0,-0.7,0.0,-1
32.451,-20.85,142.28,-30.68,0.0,-0.7,0.0,-1
32.52,-20.88,142.31,-30.02,0.0,-0.7,0.0,-1
32.59,-20.9,142.34,-29.39,0.0,-0.7,0.0,-1
32.636,-20.92,142.36,-29.06,0.0,0.0,0.0,-1
32.704,-20.95,142.38,-28.81,0.0,0.0,0.0,-1
32.752,-20.98,142.4,-28.79,0.0,0.0,0.0,-1
32.844,-21.01,142.42,-28.79,0.0,0.0,0.0,-1
32.913,-21.04,142.43,-28.79,0.0,0.0,0.0,-1
32.959,-21.05,142.44,-28.79,0.0,0.0,0.0,-1
33.006,-21.08,142.46,-28.79,0.0,0.0,0.0,-1
33.102,-21.11,142.47,-28.78,0.0,-0.1,0.0,-1
33.149,-21.12,142.48,-28.74,0.0,-0.1,0.0,-1
33.217,-21.14,142.49,-28.68,0.0,-0.1,0.0,-1
33.286,-21.16,142.5,-28.62,0.0,-0.2,0.0,-1
33.333,-21.18,142.52,-28.52,0.0,-0.2,0.0,-1
33.403,-21.19,142.53,-28.45,0.0,-0.2,0.0,-1
33.474,-21.21,142.54,-28.35,0.01,-0.2,0.0,-1
33.522,-21.22,142.55,-28.24,0.05,-0.3,0.0,-1
33.59,-21.24,142.56,-28.14,0.09,-0.3,0.0,-1
33.661,-21.24,142.56,-28.08,0.12,-0.3,0.0,-1
33.729,-21.25,142.57,-27.98,0.17,-0.4,0.0,-1
33.8,-21.26,142.58,-27.89,0.21,-0.4,0.0,-1
33.847,-21.27,142.58,-27.8,0.25,-0.4,0.0,-1
33.917,-21.27,142.59,-27.72,0.28,-0.5,0.0,-1
33.989,-21.28,142.59,-27.58,0.33,-0.5,0.0,-1
34.057,-21.29,142.6,-27.44,0.37,-0.5,0.0,-1
34.127,-21.3,142.62,-27.2,0.41,-0.6,0.0,-1
34.174,-21.32,142.63,-26.97,0.44,-0.6,0.0,-1
34.246,-21.34,142.65,-26.57,0.49,-0.6,0.0,-1
34.294,-21.36,142.67,-26.01,0.53,-0.7,0.0,-1
34.366,-21.38,142.7,-25.51,0.56,-0.7,0.0,-1
34.438,-21.42,142.74,-24.61,0.61,-0.7,0.0,-1
34.485,-21.46,142.78,-23.61,0.65,-0.7,0.0,-1
34.555,-21.5,142.81,-22.84,0.68,-0.7,0.0,-1
34.624,-21.56,142.87,-21.57,0.72,-0.7,0.0,-1
34.671,-21.63,142.93,-20.02,0.0,-0.7,0.0,-1
34.765,-21.71,143.0,-18.29,0.0,-0.7,0.0,-1
34.814,-21.77,143.05,-17.07,0.0,0.0,0.0,-1
34.885,-21.87,143.11,-15.93,0.0,0.0,0.0,-1
34.955,-21.98,143.15,-15.67,0.0,0.0,0.0,-1
35.024,-22.08,143.18,-15.65,0.0,0.0,0.0,-1
35.072,-22.15,143.2,-15.51,0.0,-0.1,0.0,-1
35.142,-22.24,143.23,-15.28,0.0,-0.1,0.0,-1
35.214,-22.33,143.26,-15.03,0.0,-0.2,0.0,-1
35.261,-22.39,143.28,-14.77,0.0,-0.2,0.0,-1
35.308,-22.47,143.31,-14.37,0.0,-0.2,0.0,-1
35.402,-22.55,143.34,-14.0,0.0,-0.2,0.0,-1
35.472,-22.62,143.37,-13.54,0.0,-0.3,0.0,-1
35.518,-22.66,143.39,-13.21,0.0,-0.3,0.0,-1
35.589,-22.73,143.41,-12.73,0.0,-0.3,0.0,-1
35.658,-22.77,143.43,-12.32,0.0,-0.4,0.6,-1
35.728,-22.77,143.43,-12.33,0.0,-0.4,1.0,-1
35.774,-22.77,143.43,-12.33,0.0,-0.4,1.0,-1
35.846,-22.77,143.43,-12.33,0.0,-0.5,1.0,-1
35.913,-22.77,143.43,-12.33,0.0,-0.5,1.0,-1
35.984,-22.77,143.43,-12.33,0.0,-0.5,1.0,-1
36.031,-22.77,143.43,-12.33,0.0,-0.6,0.0,-1
36.099,-22.77,143.43,-12.32,0.0,-0.6,0.0,-1
36.168,-22.78,143.43,-12.31,0.0,0.0,0.0,-1
36.236,-22.78,143.43,-12.31,0.0,0.0,0.0,-1
36.283,-22.78,143.43,-12.31,0.0,0.0,0.0,-1
36.351,-22.78,143.43,-12.31,0.0,0.0,0.0,-1
36.422,-22.78,143.43,-12.31,0.0,0.0,0.0,-1
36.469,-22.78,143.43,-12.31,0.0,0.0,0.0,-1
36.54,-22.78,143.43,-12.31,0.0,0.0,0.0,-1
36.608,-22.78,143.43,-12.31,0.0,0.0,0.0,-1
36.68,-22.78,143.43,-12.31,0.0,0.0,0.0,-1
36.75,-22.78,143.43,-12.31,0.0,0.0,0.0,-1
36.796,-22.78,143.43,-12.31,0.0,0.0,0.0,-1
36.866,-22.78,143.43,-12.31,0.0,0.0,0.0,-1
36.936,-22.78,143.43,-12.31,0.0,0.0,0.0,-1
36.982,-22.78,143.43,-12.31,0.0,0.0,0.0,-1
37.05,-22.78,143.43,-12.31,0.0,0.0,0.0,-1
37.119,-22.78,143.43,-12.31,0.0,0.0,0.0,-1
37.187,-22.78,143.43,-12.31,0.0,0.0,0.0,-1
37.255,-22.78,143.43,-12.31,0.0,0.0,0.0,-1
37.299,-22.78,143.43,-12.31,0.0,0.0,0.0,-1
37.392,-22.78,143.43,-12.31,0.0,0.0,0.0,-1
37.439,-22.78,143.43,-12.31,0.0,0.0,0.0,1
37.507,-22.78,143.43,-12.31,0.0,0.0,0.0,1
37.575,-22.78,143.43,-12.31,0.0,0.1,0.0,1
37.621,-22.78,143.43,-12.31,0.0,0.1,0.0,1
37.689,-22.78,143.43,-12.31,0.0,0.1,0.0,1
37.757,-22.78,143.43,-12.31,0.0,0.2,0.0,1
37.826,-22.78,143.43,-12.31,0.0,0.2,0.0,1
37.873,-22.78,143.43,-12.31,0.0,0.2,0.0,1
37.968,-22.78,143.43,-12.31,0.0,0.2,0.0,1
38.014,-22.78,143.43,-12.31,0.0,0.3,0.0,1
38.083,-22.78,143.43,-12.31,0.02,0.3,0.0,1
38.129,-22.78,143.43,-12.3,0.06,0.4,0.0,1
38.221,-22.78,143.43,-12.31,0.1,0.4,0.0,1
38.268,-22.78,143.43,-12.31,0.0,0.4,0.0,1
38.336,-22.78,143.43,-12.29,0.0,0.4,0.0,1
38.404,-22.78,143.43,-12.27,0.0,0.5,0.0,1
38.472,-22.78,143.43,-12.23,0.0,0.5,0.0,1
38.541,-22.77,143.43,-12.2,0.0,0.5,0.0,1
38.59,-22.77,143.43,-12.18,0.0,0.6,0.0,1
38.637,-22.77,143.43,-12.14,0.0,0.6,0.0,1
38.707,-22.77,143.43,-12.11,0.0,0.6,0.0,1
38.798,-22.76,143.43,-12.08,0.01,0.7,0.0,1
38.845,-22.76,143.43,-12.05,0.04,0.7,0.0,1
38.913,-22.76,143.43,-12.01,0.09,0.7,0.0,1
38.982,-22.76,143.43,-11.99,0.13,0.7,0.0,1
39.05,-22.76,143.43,-11.97,0.17,0.7,0.0,1
39.116,-22.76,143.44,-11.95,0.21,0.7,0.0,1
39.16,-22.75,143.44,-11.92,0.25,0.7,0.0,1
39.228,-22.75,143.44,-11.9,0.28,0.7,0.0,1
39.297,-22.75,143.44,-11.84,0.0,0.7,0.0,1
39.366,-22.74,143.44,-11.66,0.0,0.7,0.0,1
39.436,-22.73,143.44,-11.45,0.0,0.7,0.0,1
39.482,-22.72,143.44,-11.3,0.0,0.7,0.0,1
39.552,-22.7,143.44,-11.08,0.0,0.7,0.0,1
39.621,-22.69,143.45,-10.89,0.04,0.7,0.0,1
39.689,-22.68,143.45,-10.72,0.08,0.7,0.0,1
39.735,-22.68,143.45,-10.58,0.12,0.7,0.0,1
39.806,-22.67,143.45,-10.48,0.15,0.7,0.0,1
39.877,-22.66,143.45,-10.34,0.2,0.7,0.0,1
39.945,-22.66,143.45,-10.24,0.24,0.7,0.0,1
40.014,-22.65,143.46,-10.13,0.0,0.7,0.0,1
40.059,-22.64,143.46,-9.99,0.0,0.7,0.0,1
40.129,-22.63,143.46,-9.73,0.0,0.7,0.0,1
40.197,-22.61,143.46,-9.45,0.0,0.7,0.0,1
40.242,-22.59,143.47,-9.18,0.0,0.7,0.0,1
40.333,-22.58,143.47,-8.93,0.01,0.7,0.0,1
40.399,-22.57,143.47,-8.74,0.04,0.7,0.0,1
40.446,-22.56,143.47,-8.62,0.08,0.7,0.0,1
40.515,-22.55,143.48,-8.46,0.0,0.7,0.0,1
40.585,-22.54,143.48,-8.26,0.0,0.7,0.0,1
40.655,-22.52,143.48,-8.04,0.0,0.7,0.0,1
40.701,-22.52,143.48,-7.89,0.01,0.7,0.0,1
40.769,-22.5,143.49,-7.69,0.06,0.7,0.0,1
40.838,-22.49,143.49,-7.49,0.0,0.7,0.0,1
40.908,-22.48,143.49,-7.3,0.0,0.7,0.0,1
40.979,-22.47,143.5,-7.11,0.02,0.7,0.0,1
41.025,-22.47,143.5,-7.01,0.07,0.7,0.0,1
41.096,-22.46,143.5,-6.85,0.0,0.7,0.0,1
41.165,-22.45,143.5,-6.66,0.02,0.7,0.0,1
41.233,-22.44,143.51,-6.51,0.05,0.7,0.0,1
41.278,-22.43,143.51,-6.42,0.0,0.7,0.0,1
41.346,-22.43,143.51,-6.28,0.0,0.7,0.0,1
41.415,-22.42,143.51,-6.13,0.0,0.7,0.0,1
41.485,-22.41,143.51,-5.97,0.0,0.7,0.0,1
41.53,-22.4,143.52,-5.87,0.0,0.7,0.0,1
41.599,-22.4,143.52,-5.78,0.04,0.7,0.0,1
41.667,-22.39,143.52,-5.69,0.09,0.7,0.0,1
41.712,-22.38,143.52,-5.59,0.0,0.7,0.0,1
41.805,-22.38,143.52,-5.47,0.0,0.7,0.0,1
41.853,-22.37,143.52,-5.38,0.0,0.7,0.0,1
41.923,-22.37,143.53,-5.26,0.0,0.7,0.0,1
41.968,-22.36,143.53,-5.14,0.0,0.7,0.0,1
42.061,-22.35,143.53,-5.03,0.0,0.7,0.0,1
42.106,-22.35,143.53,-4.96,0.0,0.7,0.0,1
42.176,-22.34,143.53,-4.85,0.04,0.7,0.0,1
42.246,-22.34,143.53,-4.76,0.09,0.7,0.0,1
42.316,-22.33,143.54,-4.67,0.0,0.7,0.0,1
42.383,-22.32,143.54,-4.57,0.0,0.7,0.0,1
42.428,-22.32,143.54,-4.52,0.02,0.7,0.0,1
42.496,-22.32,143.54,-4.43,0.06,0.7,0.0,1
42.563,-22.31,143.54,-4.34,0.0,0.7,0.0,1
42.632,-22.31,143.54,-4.25,0.01,0.7,0.0,1
42.702,-22.3,143.54,-4.18,0.05,0.7,0.0,1
42.749,-22.3,143.54,-4.14,0.08,0.7,0.0,1
42.817,-22.3,143.55,-4.06,0.0,0.7,0.0,1
42.863,-22.29,143.55,-3.99,0.03,0.7,0.0,1
42.954,-22.29,143.55,-3.92,0.07,0.7,0.0,1
43.024,-22.29,143.55,-3.87,0.0,0.7,0.0,1
43.072,-22.29,143.55,-3.81,0.0,0.7,0.0,1
43.139,-22.28,143.55,-3.72,0.04,0.7,0.0,1
43.207,-22.28,143.55,-3.66,0.08,0.7,0.0,1
43.278,-22.27,143.55,-3.59,0.0,0.7,0.0,1
43.324,-22.27,143.56,-3.53,0.0,0.7,0.0,1
43.39,-22.26,143.56,-3.44,0.04,0.7,0.0,1
43.458,-22.26,143.56,-3.34,0.0,0.7,0.0,1
43.524,-22.25,143.56,-3.25,0.0,0.7,0.0,1
43.594,-22.25,143.56,-3.15,0.02,0.7,0.0,1
43.641,-22.24,143.56,-3.08,0.05,0.7,0.0,1
43.708,-22.24,143.57,-2.99,0.0,0.7,0.0,1
43.779,-22.23,143.57,-2.9,0.01,0.7,0.0,1
43.85,-22.23,143.57,-2.79,0.05,0.7,0.0,1
43.897,-22.22,143.57,-2.74,0.08,0.7,0.0,1
43.967,-22.22,143.57,-2.68,0.0,0.7,0.0,1
44.038,-22.22,143.57,-2.61,0.03,0.7,0.0,1
44.108,-22.21,143.57,-2.58,0.07,0.7,0.0,1
44.178,-22.21,143.57,-2.51,0.0,0.7,0.0,1
44.223,-22.21,143.58,-2.46,0.0,0.7,0.0,1
44.29,-22.2,143.58,-2.37,0.05,0.7,0.0,1
44.334,-22.2,143.58,-2.29,0.09,0.7,0.0,1
44.427,-22.19,143.58,-2.24,0.0,0.7,0.0,1
44.497,-22.19,143.58,-2.15,0.01,0.7,0.0,1
44.542,-22.19,143.58,-2.1,0.05,0.7,0.0,1
44.612,-22.18,143.58,-2.03,0.0,0.7,0.0,1
44.656,-22.18,143.59,-1.94,0.0,0.7,0.0,1
44.747,-22.17,143.59,-1.88,0.02,0.7,0.0,1
44.793,-22.17,143.59,-1.82,0.05,0.7,0.0,1
44.861,-22.17,143.59,-1.79,0.09,0.7,0.0,1
44.93,-22.17,143.59,-1.75,0.0,0.7,0.0,1
44.996,-22.16,143.59,-1.67,0.0,0.7,0.0,1
45.04,-22.16,143.59,-1.58,0.04,0.7,0.0,1
45.133,-22.15,143.59,-1.5,0.0,0.7,0.0,1
45.201,-22.15,143.6,-1.42,0.0,0.7,0.0,1
45.247,-22.15,143.6,-1.36,0.01,0.7,0.0,1
45.316,-22.14,143.6,-1.26,0.06,0.7,0.0,1
45.384,-22.14,143.6,-1.2,0.0,0.7,0.0,1
45.429,-22.13,143.6,-1.12,0.0,0.7,0.0,1
45.498,-22.13,143.6,-1.03,0.03,0.7,0.0,1
45.566,-22.12,143.61,-0.98,0.07,0.7,0.0,1
45.633,-22.12,143.61,-0.9,0.0,0.7,0.0,1
45.702,-22.12,143.61,-0.84,0.03,0.7,0.0,1
45.748,-22.11,143.61,-0.78,0.07,0.7,0.0,1
45.838,-22.11,143.61,-0.73,0.0,0.7,0.0,1
45.885,-22.11,143.61,-0.68,0.0,0.7,0.0,1
45.952,-22.1,143.61,-0.59,0.02,0.7,0.0,1
46.02,-22.1,143.61,-0.52,0.07,0.7,0.0,1
46.089,-22.1,143.62,-0.47,0.0,0.7,0.0,1
46.155,-22.09,143.62,-0.41,0.01,0.7,0.0,1
46.224,-22.09,143.62,-0.33,0.04,0.7,0.0,1
46.269,-22.09,143.62,-0.29,0.08,0.7,0.0,1
46.338,-22.08,143.62,-0.23,0.0,0.7,0.0,1
46.407,-22.08,143.62,-0.14,0.01,0.7,0.0,1
46.475,-22.08,143.62,-0.09,0.05,0.7,0.0,1
46.521,-22.07,143.62,-0.02,0.08,0.7,0.0,1
46.589,-22.07,143.63,0.02,0.0,0.7,0.0,1
46.658,-22.07,143.63,0.1,0.0,0.7,0.0,1
46.728,-22.06,143.63,0.18,0.0,0.7,0.0,1
46.796,-22.06,143.63,0.26,0.0,0.7,0.0,1
46.863,-22.05,143.63,0.31,0.0,0.0,0.0,1
46.908,-22.05,143.63,0.33,0.0,0.0,0.0,1
46.974,-22.05,143.63,0.33,0.0,0.0,0.0,1
47.046,-22.04,143.63,0.33,0.04,0.0,0.0,1
47.092,-22.04,143.63,0.33,0.08,0.0,0.0,1
47.182,-22.03,143.63,0.33,0.0,0.0,0.0,1
47.228,-22.03,143.63,0.33,0.0,0.0,0.0,1
47.296,-22.02,143.63,0.33,0.03,0.0,0.0,1
47.366,-22.02,143.63,0.33,0.0,0.0,0.0,1
47.434,-22.01,143.63,0.33,0.0,0.0,0.0,1
47.48,-22.01,143.63,0.33,0.0,0.0,0.0,1
47.549,-22.0,143.63,0.33,0.03,0.0,0.0,1
47.617,-22.0,143.63,0.33,0.0,0.0,0.0,1
47.686,-21.99,143.63,0.33,0.0,0.0,0.0,1
47.753,-21.99,143.63,0.33,0.01,0.0,0.0,1
47.799,-21.98,143.63,0.33,0.05,0.0,0.0,1
47.869,-21.98,143.63,0.33,0.0,0.0,0.0,1
47.939,-21.97,143.63,0.33,0.0,0.0,0.0,1
48.008,-21.97,143.63,0.32,0.03,0.0,0.0,1
48.074,-21.97,143.63,0.32,0.0,0.0,0.0,1
48.142,-21.96,143.63,0.32,0.0,0.0,0.0,1
48.189,-21.96,143.63,0.32,0.01,0.0,0.0,1
48.256,-21.95,143.63,0.32,0.05,0.0,0.0,1
48.323,-21.95,143.63,0.32,0.0,0.0,0.0,1
48.392,-21.94,143.63,0.33,0.01,0.0,0.0,1
48.437,-21.94,143.63,0.32,0.05,0.0,0.0,1
48.506,-21.94,143.63,0.32,0.08,0.0,0.0,1
48.574,-21.93,143.63,0.32,0.0,0.0,0.0,1
48.642,-21.93,143.63,0.32,0.02,0.0,0.0,1
48.711,-21.92,143.63,0.33,0.0,0.0,0.0,1
48.755,-21.92,143.63,0.33,0.0,0.0,0.0,1
48.847,-21.91,143.63,0.33,0.02,0.0,0.0,1
48.891,-21.91,143.63,0.33,0.06,0.0,0.0,1
48.958,-21.91,143.63,0.33,0.0,0.0,0.0,1
49.028,-21.9,143.63,0.33,0.03,0.0,0.0,1
49.098,-21.9,143.63,0.33,0.07,0.0,0.0,1
49.166,-21.89,143.63,0.33,0.0,0.0,0.0,1
49.211,-21.89,143.63,0.33,0.01,0.0,0.0,1
49.278,-21.88,143.63,0.33,0.05,0.0,0.0,1
49.346,-21.88,143.63,0.33,0.09,0.0,0.0,1
49.414,-21.88,143.63,0.32,0.14,0.0,0.0,1
49.483,-21.87,143.63,0.32,0.18,0.0,0.0,1
49.549,-21.87,143.63,0.32,0.22,0.0,0.0,1
49.594,-21.87,143.63,0.32,0.25,0.0,0.0,1
49.662,-21.87,143.63,0.32,0.0,0.0,0.0,1
49.731,-21.85,143.63,0.32,0.0,0.0,0.0,1
49.776,-21.84,143.63,0.32,0.0,0.0,0.0,1
49.868,-21.83,143.63,0.32,0.0,0.0,0.0,1
49.913,-21.81,143.63,0.32,0.0,0.0,0.0,1
50.002,-21.8,143.63,0.32,0.0,0.0,0.0,1
50.049,-21.79,143.63,0.32,0.0,0.0,0.0,1
50.118,-21.78,143.63,0.32,0.0,0.0,0.0,1
50.165,-21.77,143.63,0.32,0.0,0.0,0.0,1
50.233,-21.77,143.63,0.32,0.0,0.0,0.2,1
50.302,-21.77,143.63,0.32,0.0,0.0,1.0,1
50.372,-21.77,143.63,0.32,0.0,0.0,1.0,1
50.441,-21.77,143.63,0.32,0.0,0.0,1.0,1
50.509,-21.77,143.63,0.32,0.0,0.0,1.0,1
50.557,-21.77,143.63,0.32,0.0,0.0,1.0,1
50.626,-21.77,143.63,0.32,0.0,0.0,0.0,1
50.696,-21.77,143.63,0.32,0.0,0.0,0.0,1
50.765,-21.77,143.63,0.32,0.0,0.0,0.0,1
50.811,-21.77,143.63,0.32,0.0,0.0,0.0,1
50.88,-21.77,143.63,0.32,0.0,0.0,0.0,1
50.948,-21.77,143.63,0.32,0.0,0.0,0.0,1
51.016,-21.77,143.63,0.32,0.0,0.0,0.0,1
51.083,-21.77,143.63,0.32,0.0,0.0,0.0,1
51.151,-21.77,143.63,0.32,0.0,0.0,0.0,1
51.218,-21.77,143.63,0.32,0.0,0.0,0.0,1
51.263,-21.77,143.63,0.32,0.0,0.0,0.0,1
51.329,-21.77,143.63,0.32,0.0,0.0,0.0,1
51.395,-21.77,143.63,0.32,0.0,0.0,0.0,1
51.465,-21.77,143.63,0.32,0.0,0.0,0.0,1
51.532,-21.77,143.63,0.32,0.0,0.0,0.0,1
51.601,-21.77,143.63,0.32,0.0,0.0,0.0,1
51.647,-21.77,143.63,0.32,0.0,0.0,0.0,1
51.717,-21.77,143.63,0.32,0.0,0.0,0.0,1
