Time, x, y, angle, throttle, steer, brake, gear 
0.0,-25.0,139.0,0.0,0.0,0.0,0.0,1
0.073,-25.0,139.0,0.0,0.0,0.0,0.0,1
0.145,-25.0,139.0,0.0,0.0,0.0,0.0,1
0.193,-25.0,139.0,0.0,0.0,0.0,0.0,1
0.264,-25.0,139.0,0.0,0.0,0.0,0.0,1
0.337,-25.0,139.0,0.0,0.0,0.0,0.0,1
0.39,-25.0,139.0,0.0,0.0,0.0,0.0,1
0.459,-25.0,139.0,0.0,0.0,0.0,0.0,1
0.529,-25.0,139.0,0.0,0.0,0.0,0.0,1
0.574,-25.0,139.0,0.0,0.0,0.0,0.0,1
0.645,-25.0,139.0,0.0,0.0,0.0,0.0,1
0.7,-25.0,139.0,0.0,0.0,0.0,0.0,1
0.77,-25.0,139.0,0.0,0.0,0.0,0.0,1
0.845,-25.0,139.0,0.0,0.0,0.0,0.0,1
0.896,-25.0,139.0,0.0,0.0,0.0,0.0,1
0.969,-25.0,139.0,0.0,0.0,0.0,0.0,1
1.038,-25.0,139.0,0.0,0.0,0.0,0.0,1
1.086,-25.0,139.0,0.0,0.0,0.0,0.0,1
1.155,-25.0,139.0,0.0,0.0,0.0,0.0,1
1.202,-25.0,139.0,0.0,0.0,0.0,0.0,1
1.272,-25.0,139.0,0.0,0.0,0.0,0.0,1
1.344,-25.0,139.0,0.0,0.0,0.0,0.0,1
1.417,-25.0,139.0,0.0,0.0,0.0,0.0,1
1.488,-25.0,139.0,0.0,0.0,0.0,0.0,1
1.534,-25.0,139.0,0.0,0.0,0.0,0.0,1
1.602,-25.0,139.0,0.0,0.04,0.0,0.0,1
1.672,-25.0,139.0,0.0,0.09,0.0,0.0,1
1.72,-25.0,139.0,0.0,0.13,0.0,0.0,1
1.791,-25.0,139.0,0.0,0.16,0.0,0.0,1
1.86,-25.0,139.0,0.0,0.21,0.0,0.0,1
1.929,-25.0,139.0,0.0,0.25,0.0,0.0,1
1.998,-25.0,139.0,0.0,0.29,0.0,0.0,1
2.046,-25.0,139.0,0.0,0.32,0.0,0.0,1
2.115,-25.0,139.0,0.0,0.37,0.0,0.0,1
2.186,-25.0,139.0,0.0,0.41,0.1,0.0,1
2.257,-25.0,139.0,0.0,0.44,0.1,0.0,1
2.304,-25.0,139.0,0.0,0.48,0.1,0.0,1
2.376,-25.0,139.0,0.0,0.53,0.2,0.0,1
2.445,-25.0,139.0,0.0,0.57,0.2,0.0,1
2.49,-25.0,139.0,0.0,0.61,0.2,0.0,1
2.56,-25.0,139.0,0.0,0.64,0.2,0.0,1
2.63,-25.0,139.0,0.0,0.69,0.3,0.0,1
2.701,-24.99,139.0,0.09,0.73,0.3,0.0,1
2.747,-24.96,139.01,0.33,0.76,0.3,0.0,1
2.817,-24.89,139.02,0.94,0.81,0.0,0.0,1
2.887,-24.79,139.03,1.28,0.85,0.0,0.0,1
2.956,-24.67,139.03,1.29,0.89,0.0,0.0,1
3.002,-24.59,139.04,1.3,0.92,0.0,0.0,1
3.071,-24.44,139.04,1.3,0.96,0.0,0.0,1
3.14,-24.26,139.04,1.3,1.0,0.0,0.0,1
3.21,-24.05,139.05,1.3,1.0,0.0,0.0,1
3.279,-23.81,139.05,1.33,1.0,0.1,0.0,1
3.326,-23.63,139.06,1.61,1.0,0.1,0.0,1
3.395,-23.33,139.09,2.25,1.0,0.1,0.0,1
3.464,-23.0,139.12,3.02,1.0,0.2,0.0,1
3.535,-22.62,139.17,4.41,1.0,0.2,0.0,1
3.58,-22.24,139.23,6.0,0.0,0.2,0.0,1
3.651,-21.96,139.27,6.54,0.0,0.0,0.0,1
3.697,-21.56,139.32,6.7,0.0,0.0,0.0,1
3.768,-21.16,139.37,6.67,0.0,0.0,0.0,1
3.859,-20.79,139.41,6.6,0.0,0.0,0.0,1
3.906,-20.54,139.45,6.69,0.0,0.1,0.0,1
3.973,-20.21,139.5,7.19,0.0,0.1,0.0,1
4.042,-19.89,139.55,7.87,0.0,0.1,0.0,1
4.113,-19.58,139.61,8.71,0.0,0.2,0.0,1
4.161,-19.38,139.66,9.52,0.0,0.2,0.0,1
4.231,-19.11,139.74,10.73,0.0,0.2,0.0,1
4.302,-18.85,139.81,12.02,0.0,0.3,0.0,1
4.371,-18.62,139.9,13.55,0.0,0.3,0.0,1
4.419,-18.47,139.96,14.57,0.0,0.3,0.0,1
4.488,-18.27,140.04,15.94,0.0,0.0,0.0,1
4.536,-18.07,140.11,16.38,0.0,0.0,0.0,1
4.607,-17.94,140.15,16.39,0.0,0.0,0.0,1
4.679,-17.75,140.2,16.13,0.0,-0.1,0.0,1
4.752,-17.57,140.24,15.72,0.0,-0.1,0.0,1
4.8,-17.45,140.27,15.45,0.0,-0.1,0.0,1
4.867,-17.3,140.3,14.9,0.0,-0.2,0.0,1
4.938,-17.15,140.32,14.22,0.0,-0.2,0.0,1
5.008,-17.01,140.34,13.58,0.0,-0.2,0.0,1
5.055,-16.92,140.35,13.08,0.0,-0.3,0.0,1
5.126,-16.79,140.36,12.23,0.0,-0.3,0.0,1
5.195,-16.68,140.37,11.44,0.0,-0.3,0.0,1
5.242,-16.57,140.37,10.55,0.0,-0.4,0.0,1
5.312,-16.49,140.37,9.92,0.0,-0.4,0.0,1
5.381,-16.39,140.37,9.04,0.0,-0.4,0.0,1
5.428,-16.3,140.36,8.13,0.0,-0.5,0.0,1
5.521,-16.21,140.35,7.16,0.0,-0.5,0.0,1
5.57,-16.15,140.34,6.5,0.0,-0.5,0.0,1
5.642,-16.07,140.33,5.54,0.0,-0.6,0.0,1
5.689,-16.0,140.31,4.57,0.0,0.0,0.0,1
5.759,-15.95,140.31,4.16,0.0,0.0,0.0,1
5.828,-15.89,140.31,4.0,0.0,0.0,0.0,1
5.898,-15.82,140.31,4.0,0.0,0.0,0.0,1
5.967,-15.76,140.32,4.0,0.0,0.0,0.0,1
6.013,-15.73,140.32,4.0,0.0,0.0,0.0,1
6.083,-15.67,140.32,4.0,0.0,0.0,0.0,1
6.155,-15.65,140.33,4.0,0.0,0.0,0.8,1
6.203,-15.65,140.33,4.0,0.0,0.0,1.0,1
6.272,-15.65,140.33,4.0,0.0,0.0,1.0,1
6.341,-15.65,140.33,4.0,0.0,0.0,1.0,1
6.41,-15.65,140.33,4.0,0.0,0.0,1.0,1
6.479,-15.65,140.33,4.0,0.0,0.0,1.0,1
6.525,-15.65,140.33,4.0,0.0,0.0,1.0,1
6.593,-15.65,140.33,4.0,0.0,0.0,1.0,1
6.663,-15.65,140.33,4.0,0.0,0.0,0.0,1
6.711,-15.65,140.33,4.0,0.0,0.0,0.0,1
6.8,-15.65,140.33,4.0,0.0,0.0,0.0,1
6.846,-15.65,140.33,4.0,0.0,0.0,0.0,1
6.916,-15.65,140.33,4.0,0.0,0.0,0.0,1
6.985,-15.65,140.33,4.0,0.0,0.0,0.0,1
7.056,-15.65,140.33,4.0,0.0,0.0,0.0,1
7.104,-15.65,140.33,4.0,0.0,0.0,0.0,1
7.173,-15.65,140.33,4.0,0.0,0.0,0.0,1
7.242,-15.65,140.33,4.0,0.0,0.0,0.0,1
7.311,-15.65,140.33,4.0,0.0,0.0,0.0,1
7.357,-15.65,140.33,4.0,0.0,0.0,0.0,1
7.428,-15.65,140.33,4.0,0.0,0.0,0.0,1
7.474,-15.65,140.33,4.0,0.0,0.0,0.0,1
7.569,-15.65,140.33,4.0,0.0,0.0,0.0,1
7.616,-15.65,140.33,4.0,0.0,0.0,0.0,1
7.687,-15.65,140.33,4.0,0.0,0.0,0.0,1
7.755,-15.65,140.33,4.0,0.0,0.0,0.0,1
7.802,-15.65,140.33,4.0,0.0,0.0,0.0,1
7.872,-15.65,140.33,4.0,0.0,0.0,0.0,1
7.941,-15.65,140.33,4.0,0.0,0.0,0.0,1
8.01,-15.65,140.33,4.0,0.0,0.0,0.0,1
8.078,-15.65,140.33,4.0,0.0,0.0,0.0,1
8.148,-15.65,140.33,4.0,0.0,0.0,0.0,1
8.195,-15.65,140.33,4.0,0.0,0.0,0.0,1
8.265,-15.65,140.33,4.0,0.0,0.0,0.0,1
8.334,-15.65,140.33,4.0,0.0,0.0,0.0,1
8.38,-15.65,140.33,4.0,0.0,0.0,0.0,1
8.45,-15.65,140.33,4.0,0.0,0.0,0.0,1
8.517,-15.65,140.33,4.0,0.0,0.0,0.0,1
8.585,-15.65,140.33,4.0,0.0,0.0,0.0,-1
8.655,-15.65,140.33,4.0,0.0,0.0,0.0,-1
8.701,-15.65,140.33,4.0,0.0,0.0,0.0,-1
8.772,-15.65,140.33,4.0,0.0,0.0,0.0,-1
8.84,-15.65,140.33,4.0,0.0,0.0,0.0,-1
8.885,-15.65,140.33,4.0,0.0,0.0,0.0,-1
8.955,-15.65,140.33,4.0,0.0,0.0,0.0,-1
9.024,-15.65,140.33,4.0,0.0,0.0,0.0,-1
9.094,-15.65,140.33,4.0,0.0,0.0,0.0,-1
9.138,-15.65,140.33,4.0,0.0,0.0,0.0,-1
9.208,-15.65,140.33,4.0,0.0,0.0,0.0,-1
9.275,-15.65,140.33,4.0,0.0,0.0,0.0,-1
9.344,-15.65,140.33,4.0,0.0,0.0,0.0,-1
9.414,-15.65,140.33,4.0,0.0,0.0,0.0,-1
9.484,-15.65,140.33,4.0,0.0,0.0,0.0,-1
9.55,-15.65,140.33,4.0,0.0,0.0,0.0,-1
9.617,-15.65,140.33,4.0,0.0,0.0,0.0,-1
9.663,-15.65,140.33,4.0,0.0,0.0,0.0,-1
9.731,-15.65,140.33,4.0,0.0,0.0,0.0,-1
9.801,-15.65,140.33,4.0,0.0,0.0,0.0,-1
9.871,-15.65,140.33,4.0,0.0,0.0,0.0,-1
9.939,-15.65,140.33,4.0,0.0,0.0,0.0,-1
9.984,-15.65,140.33,4.0,0.0,0.0,0.0,-1
10.055,-15.65,140.33,4.0,0.0,0.0,0.0,-1
10.125,-15.65,140.33,4.0,0.0,0.0,0.0,-1
10.196,-15.65,140.33,4.0,0.0,0.0,0.0,-1
10.242,-15.65,140.33,4.0,0.0,0.0,0.0,-1
10.314,-15.65,140.33,4.0,0.0,0.1,0.0,-1
10.362,-15.65,140.33,4.0,0.0,0.1,0.0,-1
10.432,-15.65,140.33,4.0,0.0,0.1,0.0,-1
10.505,-15.65,140.33,4.0,0.0,0.2,0.0,-1
10.576,-15.65,140.33,4.0,0.0,0.2,0.0,-1
10.645,-15.65,140.33,4.0,0.0,0.2,0.0,-1
10.691,-15.65,140.33,4.0,0.0,0.3,0.0,-1
10.762,-15.65,140.33,4.0,0.0,0.3,0.0,-1
10.809,-15.65,140.33,3.99,0.03,0.3,0.0,-1
10.88,-15.65,140.33,3.99,0.07,0.4,0.0,-1
10.95,-15.65,140.33,3.99,0.12,0.4,0.0,-1
11.021,-15.66,140.33,3.99,0.16,0.4,0.0,-1
11.088,-15.66,140.33,3.99,0.2,0.5,0.0,-1
11.135,-15.66,140.33,3.98,0.23,0.5,0.0,-1
11.203,-15.66,140.32,3.97,0.28,0.5,0.0,-1
11.25,-15.66,140.32,3.93,0.0,0.6,0.0,-1
11.343,-15.67,140.32,3.8,0.0,0.6,0.0,-1
11.39,-15.68,140.32,3.69,0.0,0.6,0.0,-1
11.46,-15.69,140.31,3.52,0.0,0.6,0.0,-1
11.532,-15.7,140.31,3.32,0.0,0.7,0.0,-1
11.578,-15.71,140.3,3.13,0.0,0.7,0.0,-1
11.648,-15.72,140.3,3.04,0.02,0.7,0.0,-1
11.695,-15.72,140.3,2.9,0.07,0.7,0.0,-1
11.789,-15.73,140.29,2.77,0.11,0.7,0.0,-1
11.836,-15.74,140.29,2.69,0.14,0.7,0.0,-1
11.907,-15.74,140.29,2.57,0.19,0.7,0.0,-1
11.978,-15.75,140.28,2.45,0.23,0.7,0.0,-1
12.048,-15.76,140.28,2.32,0.27,0.7,0.0,-1
12.098,-15.76,140.28,2.23,0.3,0.7,0.0,-1
12.169,-15.77,140.28,2.07,0.35,0.7,0.0,-1
12.216,-15.78,140.27,1.88,0.39,0.7,0.0,-1
12.308,-15.79,140.26,1.64,0.42,0.7,0.0,-1
12.355,-15.81,140.26,1.41,0.46,0.7,0.0,-1
12.426,-15.83,140.25,0.99,0.51,0.7,0.0,-1
12.496,-15.86,140.24,0.44,0.55,0.7,0.0,-1
12.543,-15.89,140.23,-0.02,0.58,0.7,0.0,-1
12.613,-15.93,140.21,-0.83,0.63,0.7,0.0,-1
12.684,-15.99,140.19,-1.83,0.67,0.7,0.0,-1
12.729,-16.06,140.17,-2.99,0.7,0.7,0.0,-1
12.801,-16.11,140.15,-3.93,0.74,0.7,0.0,-1
12.87,-16.2,140.12,-5.43,0.0,0.7,0.0,-1
12.94,-16.3,140.09,-7.07,0.0,0.7,0.0,-1
13.009,-16.4,140.07,-8.74,0.0,0.7,0.0,-1
13.058,-16.47,140.06,-9.88,0.0,0.7,0.0,-1
13.129,-16.57,140.04,-11.52,0.0,0.7,0.0,-1
13.198,-16.66,140.02,-13.03,0.0,0.7,0.0,-1
13.245,-16.72,140.01,-14.02,0.0,0.7,0.0,-1
13.317,-16.81,140.0,-15.46,0.0,0.7,0.0,-1
13.388,-16.9,140.0,-16.82,0.0,0.7,0.0,-1
13.437,-16.95,139.99,-17.71,0.0,0.7,0.0,-1
13.508,-17.03,139.99,-18.95,0.0,0.7,0.0,-1
13.58,-17.1,139.99,-20.12,0.02,0.7,0.0,-1
13.628,-17.15,139.98,-20.81,0.05,0.7,0.0,-1
13.702,-17.21,139.98,-21.79,0.1,0.7,0.0,-1
13.775,-17.26,139.98,-22.65,0.14,0.7,0.0,-1
13.825,-17.3,139.99,-23.2,0.17,0.7,0.0,-1
13.899,-17.35,139.99,-23.99,0.22,0.7,0.0,-1
13.97,-17.39,139.99,-24.7,0.25,0.7,0.0,-1
14.017,-17.42,139.99,-25.19,0.29,0.7,0.0,-1
14.089,-17.47,139.99,-25.97,0.34,0.7,0.0,-1
14.161,-17.52,140.0,-26.79,0.38,0.7,0.0,-1
14.209,-17.55,140.0,-27.36,0.41,0.7,0.0,-1
14.278,-17.61,140.01,-28.28,0.46,0.7,0.0,-1
14.348,-17.67,140.02,-29.29,0.5,0.7,0.0,-1
14.397,-17.72,140.02,-30.06,0.53,0.7,0.0,-1
14.471,-17.8,140.04,-31.35,0.0,0.7,0.0,-1
14.546,-17.89,140.05,-32.78,0.0,0.7,0.0,-1
14.595,-17.95,140.07,-33.77,0.0,0.7,0.0,-1
14.667,-18.04,140.09,-35.24,0.0,0.7,0.0,-1
14.715,-18.12,140.12,-36.33,0.0,0.0,0.0,-1
14.789,-18.17,140.15,-36.65,0.0,0.0,0.0,-1
14.837,-18.24,140.2,-36.69,0.0,0.0,0.0,-1
14.91,-18.28,140.23,-36.69,0.0,0.0,0.0,-1
14.984,-18.35,140.28,-36.69,0.0,0.0,0.0,-1
15.032,-18.41,140.32,-36.69,0.0,0.0,0.0,-1
15.104,-18.44,140.35,-36.69,0.0,0.0,0.0,-1
15.174,-18.5,140.39,-36.69,0.0,0.0,0.0,-1
15.221,-18.55,140.42,-36.69,0.0,0.0,0.0,-1
15.294,-18.58,140.45,-36.69,0.0,0.0,0.0,-1
15.365,-18.62,140.48,-36.69,0.0,0.0,0.0,-1
15.437,-18.67,140.51,-36.69,0.0,0.0,0.0,-1
15.507,-18.71,140.54,-36.69,0.0,0.0,0.0,-1
15.554,-18.73,140.56,-36.69,0.0,0.0,0.0,-1
15.627,-18.77,140.59,-36.69,0.0,0.0,0.0,-1
15.698,-18.81,140.62,-36.69,0.0,0.0,0.0,-1
15.745,-18.83,140.64,-36.69,0.0,0.0,0.0,-1
15.817,-18.86,140.66,-36.69,0.0,0.0,0.0,-1
15.889,-18.89,140.68,-36.69,0.0,0.0,0.0,-1
15.938,-18.92,140.7,-36.69,0.0,0.0,0.0,-1
16.01,-18.94,140.72,-36.67,0.03,0.0,0.0,-1
16.081,-18.96,140.73,-36.67,0.06,0.0,0.0,-1
16.13,-18.98,140.75,-36.67,0.0,0.0,0.0,-1
16.202,-19.0,140.76,-36.67,0.0,0.0,0.0,-1
16.25,-19.03,140.78,-36.67,0.0,0.0,0.0,-1
16.323,-19.04,140.79,-36.67,0.0,0.0,0.0,-1
16.395,-19.06,140.81,-36.67,0.0,0.0,0.0,-1
16.442,-19.08,140.82,-36.68,0.03,0.0,0.0,-1
16.513,-19.09,140.83,-36.68,0.07,0.0,0.0,-1
16.587,-19.11,140.84,-36.67,0.12,0.0,0.0,-1
16.659,-19.12,140.85,-36.68,0.15,0.0,0.0,-1
16.706,-19.13,140.86,-36.67,0.2,0.0,0.0,-1
16.753,-19.15,140.87,-36.67,0.24,0.0,0.0,-1
16.825,-19.16,140.88,-36.67,0.27,0.0,0.0,-1
16.896,-19.17,140.88,-36.67,0.31,0.0,0.0,-1
16.969,-19.18,140.9,-36.66,0.36,0.0,0.0,-1
17.041,-19.2,140.91,-36.66,0.0,0.0,0.0,-1
17.089,-19.21,140.92,-36.66,0.0,0.0,0.0,-1
17.159,-19.24,140.94,-36.66,0.0,0.0,0.0,-1
17.232,-19.27,140.97,-36.66,0.0,0.0,0.0,-1
17.281,-19.3,140.98,-36.66,0.0,0.0,0.0,-1
17.33,-19.33,141.0,-36.66,0.0,0.0,0.0,-1
17.403,-19.35,141.02,-36.66,0.01,0.0,0.0,-1
17.474,-19.37,141.04,-36.65,0.05,0.0,0.0,-1
17.545,-19.39,141.06,-36.64,0.1,0.0,0.0,-1
17.617,-19.41,141.07,-36.62,0.14,0.0,0.0,-1
17.664,-19.43,141.08,-36.62,0.17,0.0,0.0,-1
17.712,-19.44,141.09,-36.62,0.22,0.0,0.0,-1
17.807,-19.46,141.1,-36.61,0.0,0.0,0.0,-1
17.856,-19.47,141.12,-36.61,0.0,0.0,0.0,-1
17.905,-19.5,141.13,-36.62,0.0,0.0,0.0,-1
18.0,-19.52,141.15,-36.62,0.0,0.0,0.0,-1
18.048,-19.54,141.16,-36.62,0.0,0.0,0.0,-1
18.12,-19.56,141.18,-36.62,0.0,0.0,0.0,-1
18.193,-19.59,141.2,-36.61,0.04,0.0,0.0,-1
18.241,-19.6,141.21,-36.61,0.07,0.0,0.0,-1
18.314,-19.62,141.22,-36.61,0.12,0.0,0.0,-1
18.386,-19.63,141.23,-36.61,0.15,0.0,0.0,-1
18.433,-19.64,141.24,-36.61,0.19,0.0,0.0,-1
18.48,-19.65,141.25,-36.61,0.24,0.0,0.0,-1
18.576,-19.66,141.25,-36.62,0.28,0.0,0.0,-1
18.625,-19.67,141.26,-36.62,0.31,0.0,0.0,-1
18.674,-19.69,141.27,-36.64,0.36,0.0,0.0,-1
18.746,-19.7,141.29,-36.64,0.39,0.0,0.0,-1
18.818,-19.72,141.3,-36.64,0.44,0.0,0.0,-1
18.867,-19.75,141.32,-36.65,0.48,0.0,0.0,-1
18.964,-19.78,141.34,-36.64,0.51,0.0,0.0,-1
19.011,-19.81,141.36,-36.65,0.0,0.0,0.0,-1
19.083,-19.85,141.4,-36.65,0.0,0.0,0.0,-1
19.156,-19.9,141.43,-36.65,0.0,0.0,0.0,-1
19.205,-19.93,141.46,-36.65,0.0,0.0,0.0,-1
19.279,-19.98,141.49,-36.65,0.0,0.0,0.0,-1
19.329,-20.01,141.51,-36.65,0.0,0.0,0.0,-1
19.401,-20.05,141.55,-36.6,0.0,-0.1,0.0,-1
19.45,-20.09,141.58,-36.48,0.0,-0.1,0.0,-1
19.522,-20.12,141.6,-36.41,0.0,-0.1,0.0,-1
19.57,-20.15,141.63,-36.39,0.0,0.0,0.0,-1
19.666,-20.19,141.65,-36.39,0.0,0.0,0.0,-1
19.715,-20.21,141.67,-36.39,0.0,0.0,0.0,-1
19.763,-20.24,141.69,-36.39,0.0,0.0,0.0,-1
19.859,-20.27,141.71,-36.39,0.0,0.0,0.0,-1
19.906,-20.29,141.73,-36.39,0.0,0.0,0.0,-1
19.953,-20.32,141.75,-36.39,0.0,0.0,0.0,-1
20.046,-20.34,141.77,-36.39,0.0,0.0,0.0,-1
20.095,-20.36,141.78,-36.39,0.0,0.0,0.0,-1
20.169,-20.38,141.8,-36.39,0.0,0.0,0.0,-1
20.218,-20.41,141.81,-36.34,0.0,-0.1,0.0,-1
20.29,-20.42,141.83,-36.3,0.0,-0.1,0.0,-1
20.362,-20.44,141.84,-36.29,0.0,0.0,0.0,-1
20.41,-20.46,141.86,-36.29,0.0,0.0,0.0,-1
20.48,-20.47,141.86,-36.29,0.0,0.0,0.0,-1
20.55,-20.49,141.88,-36.29,0.04,0.0,0.0,-1
20.597,-20.5,141.89,-36.29,0.08,0.0,0.0,-1
20.668,-20.51,141.89,-36.29,0.11,0.0,0.0,-1
20.738,-20.52,141.9,-36.29,0.16,0.0,0.0,-1
20.809,-20.53,141.91,-36.29,0.2,0.0,0.0,-1
20.856,-20.54,141.91,-36.29,0.0,0.0,0.0,-1
20.929,-20.55,141.92,-36.29,0.0,0.0,0.0,-1
20.978,-20.57,141.93,-36.29,0.0,0.0,0.0,-1
21.049,-20.58,141.95,-36.29,0.0,0.0,0.0,-1
21.123,-20.6,141.96,-36.29,0.0,0.0,0.0,-1
21.195,-20.61,141.97,-36.29,0.01,0.0,0.0,-1
21.265,-20.63,141.98,-36.29,0.05,0.0,0.0,-1
21.313,-20.63,141.98,-36.29,0.08,0.0,0.0,-1
21.36,-20.64,141.99,-36.29,0.13,0.0,0.0,-1
21.455,-20.65,142.0,-36.29,0.17,0.0,0.0,-1
21.502,-20.66,142.0,-36.29,0.2,0.0,0.0,-1
21.574,-20.67,142.01,-36.29,0.0,-0.0,0.0,-1
21.621,-20.69,142.02,-36.27,0.0,-0.1,0.0,-1
21.692,-20.7,142.03,-36.24,0.0,-0.1,0.0,-1
21.761,-20.71,142.04,-36.19,0.0,-0.1,0.0,-1
21.832,-20.73,142.06,-36.14,0.0,-0.2,0.0,-1
21.88,-20.74,142.07,-36.05,0.0,-0.2,0.0,-1
21.952,-20.75,142.08,-35.99,0.0,-0.2,0.0,-1
22.023,-20.76,142.09,-35.91,0.0,-0.3,0.0,-1
22.095,-20.77,142.1,-35.8,0.0,-0.3,0.0,-1
22.143,-20.78,142.11,-35.72,0.0,-0.3,0.0,-1
22.215,-20.79,142.12,-35.61,0.0,-0.4,0.0,-1
22.288,-20.8,142.13,-35.48,0.0,-0.4,0.0,-1
22.337,-20.81,142.14,-35.4,0.0,-0.4,0.0,-1
22.41,-20.82,142.14,-35.28,0.0,-0.4,0.0,-1
22.459,-20.83,142.15,-35.15,0.0,-0.5,0.0,-1
22.531,-20.83,142.16,-35.06,0.03,-0.5,0.0,-1
22.604,-20.84,142.17,-34.95,0.08,-0.5,0.0,-1
22.673,-20.84,142.17,-34.85,0.0,-0.6,0.0,-1
22.721,-20.85,142.18,-34.75,0.0,-0.6,0.0,-1
22.793,-20.85,142.19,-34.6,0.0,-0.6,0.0,-1
22.863,-20.86,142.2,-34.45,0.0,-0.7,0.0,-1
22.91,-20.86,142.2,-34.34,0.0,-0.7,0.0,-1
22.983,-20.87,142.21,-34.18,0.0,-0.7,0.0,-1
23.032,-20.87,142.22,-34.02,0.0,-0.7,0.0,-1
23.102,-20.88,142.22,-33.92,0.0,-0.7,0.0,-1
23.171,-20.88,142.23,-33.79,0.0,-0.7,0.0,-1
23.242,-20.89,142.24,-33.65,0.0,-0.7,0.0,-1
23.313,-20.89,142.24,-33.53,0.0,-0.7,0.0,-1
23.364,-20.89,142.25,-33.44,0.0,-0.7,0.0,-1
23.437,-20.9,142.25,-33.32,0.0,-0.7,0.0,-1
23.485,-20.9,142.26,-33.25,0.0,-0.7,0.0,-1
23.559,-20.9,142.26,-33.14,0.0,-0.7,0.0,-1
23.606,-20.91,142.27,-33.05,0.04,-0.7,0.0,-1
23.678,-20.91,142.27,-32.99,0.07,-0.7,0.0,-1
23.75,-20.91,142.27,-32.91,0.12,-0.7,0.0,-1
23.823,-20.92,142.28,-32.86,0.16,-0.7,0.0,-1
23.869,-20.92,142.28,-32.82,0.19,-0.7,0.0,-1
23.942,-20.92,142.28,-32.77,0.24,-0.7,0.0,-1
24.017,-20.92,142.28,-32.74,0.0,-0.7,0.0,-1
24.064,-20.92,142.29,-32.66,0.0,-0.7,0.0,-1
24.137,-20.93,142.3,-32.46,0.0,-0.7,0.0,-1
24.208,-20.94,142.31,-32.23,0.0,-0.7,0.0,-1
24.256,-20.94,142.32,-32.07,0.0,-0.7,0.0,-1
24.305,-20.95,142.33,-31.82,0.0,-0.7,0.0,-1
24.379,-20.96,142.34,-31.66,0.0,-0.7,0.0,-1
24.452,-20.97,142.35,-31.47,0.0,0.0,0.0,-1
24.525,-20.98,142.35,-31.38,0.0,0.0,0.0,-1
24.595,-20.99,142.36,-31.38,0.0,0.0,0.0,-1
24.643,-21.0,142.37,-31.38,0.02,0.0,0.0,-1
24.715,-21.01,142.37,-31.38,0.07,0.0,0.0,-1
24.788,-21.01,142.38,-31.38,0.1,0.0,0.0,-1
24.836,-21.02,142.38,-31.38,0.15,0.0,0.0,-1
24.883,-21.02,142.38,-31.38,0.19,0.0,0.0,-1
24.956,-21.03,142.38,-31.38,0.22,0.0,0.0,-1
25.026,-21.03,142.39,-31.38,0.26,0.0,0.0,-1
25.096,-21.03,142.39,-31.38,0.31,0.0,0.0,-1
25.169,-21.04,142.39,-31.37,0.35,0.0,0.0,-1
25.218,-21.05,142.4,-31.39,0.0,0.0,0.0,-1
25.267,-21.06,142.41,-31.39,0.0,0.0,0.0,-1
25.361,-21.09,142.42,-31.39,0.0,0.0,0.0,-1
25.41,-21.1,142.43,-31.39,0.0,0.0,0.0,-1
25.484,-21.13,142.44,-31.39,0.0,0.0,0.0,-1
25.557,-21.15,142.46,-31.39,0.0,0.0,0.0,-1
25.603,-21.16,142.47,-31.39,0.0,0.0,0.0,-1
25.675,-21.18,142.48,-31.37,0.0,-0.1,0.0,-1
25.722,-21.2,142.49,-31.31,0.0,-0.1,0.0,-1
25.794,-21.21,142.5,-31.28,0.0,-0.1,0.0,-1
25.865,-21.23,142.51,-31.21,0.0,-0.2,0.0,-1
25.938,-21.24,142.52,-31.12,0.0,-0.2,0.0,-1
25.986,-21.25,142.53,-31.06,0.0,-0.2,0.0,-1
26.059,-21.27,142.54,-30.98,0.0,-0.3,0.0,-1
26.13,-21.28,142.55,-30.87,0.0,-0.3,0.0,-1
26.18,-21.29,142.56,-30.79,0.0,-0.3,0.0,-1
26.253,-21.3,142.57,-30.67,0.0,-0.4,0.0,-1
26.323,-21.31,142.58,-30.54,0.0,-0.4,0.0,-1
26.371,-21.32,142.58,-30.46,0.0,-0.4,0.0,-1
26.445,-21.33,142.59,-30.34,0.0,-0.5,0.0,-1
26.517,-21.34,142.6,-30.21,0.01,-0.5,0.0,-1
26.564,-21.34,142.61,-30.13,0.06,-0.5,0.0,-1
26.635,-21.35,142.61,-30.02,0.1,-0.6,0.0,-1
26.706,-21.35,142.62,-29.91,0.13,-0.6,0.0,-1
26.754,-21.36,142.62,-29.84,0.17,-0.6,0.0,-1
26.824,-21.36,142.63,-29.74,0.22,-0.6,0.0,-1
26.896,-21.37,142.64,-29.61,0.0,-0.7,0.0,-1
26.945,-21.37,142.64,-29.45,0.0,-0.7,0.0,-1
27.018,-21.38,142.66,-29.19,0.0,-0.7,0.0,-1
27.091,-21.39,142.67,-28.92,0.0,-0.7,0.0,-1
27.139,-21.4,142.68,-28.75,0.0,-0.7,0.0,-1
27.212,-21.41,142.69,-28.49,0.0,-0.7,0.0,-1
27.261,-21.42,142.7,-28.32,0.0,-0.7,0.0,-1
27.333,-21.43,142.71,-28.09,0.0,-0.7,0.0,-1
27.405,-21.44,142.72,-27.87,0.0,-0.7,0.0,-1
27.477,-21.44,142.73,-27.66,0.0,-0.7,0.0,-1
27.525,-21.45,142.73,-27.52,0.0,-0.7,0.0,-1
27.573,-21.46,142.74,-27.33,0.0,-0.7,0.0,-1
27.647,-21.46,142.75,-27.21,0.0,-0.7,0.0,-1
27.721,-21.47,142.76,-27.02,0.0,-0.7,0.0,-1
27.793,-21.48,142.76,-26.86,0.0,-0.7,0.0,-1
27.84,-21.48,142.77,-26.76,0.02,-0.7,0.0,-1
27.889,-21.49,142.78,-26.61,0.07,-0.7,0.0,-1
27.983,-21.49,142.78,-26.49,0.11,-0.7,0.0,-1
28.029,-21.49,142.79,-26.42,0.14,-0.7,0.0,-1
28.1,-21.5,142.79,-26.31,0.19,-0.7,0.0,-1
28.173,-21.5,142.8,-26.21,0.23,-0.7,0.0,-1
28.221,-21.51,142.8,-26.14,0.26,-0.7,0.0,-1
28.291,-21.51,142.8,-26.01,0.3,-0.7,0.0,-1
28.363,-21.52,142.81,-25.87,0.35,-0.7,0.0,-1
28.412,-21.52,142.81,-25.77,0.38,-0.7,0.0,-1
28.482,-21.53,142.82,-25.56,0.0,-0.7,0.0,-1
28.554,-21.55,142.84,-25.19,0.0,-0.7,0.0,-1
28.625,-21.57,142.86,-24.7,0.0,-0.7,0.0,-1
28.672,-21.58,142.88,-24.36,0.0,-0.7,0.0,-1
28.748,-21.6,142.9,-23.82,0.0,-0.7,0.0,-1
28.819,-21.63,142.92,-23.33,0.0,-0.7,0.0,-1
28.866,-21.64,142.94,-23.01,0.0,-0.7,0.0,-1
28.938,-21.66,142.96,-22.55,0.0,-0.7,0.0,-1
28.986,-21.67,142.97,-22.25,0.0,-0.7,0.0,-1
29.057,-21.69,142.99,-21.83,0.0,-0.7,0.0,-1
29.126,-21.71,143.0,-21.44,0.0,-0.7,0.0,-1
29.196,-21.73,143.02,-21.07,0.0,-0.7,0.0,-1
29.267,-21.74,143.03,-20.71,0.0,-0.7,0.0,-1
29.314,-21.75,143.04,-20.49,0.0,-0.7,0.0,-1
29.388,-21.77,143.06,-20.15,0.0,-0.7,0.0,-1
29.46,-21.78,143.07,-19.83,0.0,-0.7,0.0,-1
29.509,-21.79,143.08,-19.63,0.0,-0.7,0.0,-1
29.58,-21.8,143.09,-19.36,0.02,-0.7,0.0,-1
29.65,-21.82,143.1,-19.14,0.06,-0.7,0.0,-1
29.696,-21.82,143.1,-19.01,0.09,-0.7,0.0,-1
29.766,-21.83,143.11,-18.82,0.14,-0.7,0.0,-1
29.814,-21.84,143.12,-18.66,0.18,-0.7,0.0,-1
29.885,-21.84,143.12,-18.57,0.21,-0.7,0.0,-1
29.954,-21.85,143.12,-18.44,0.25,-0.7,0.0,-1
30.025,-21.86,143.13,-18.24,0.0,-0.7,0.0,-1
30.095,-21.87,143.14,-17.96,0.0,-0.7,0.0,-1
30.143,-21.88,143.15,-17.75,0.0,-0.7,0.0,-1
30.212,-21.89,143.16,-17.44,0.0,-0.7,0.0,-1
30.283,-21.91,143.17,-17.15,0.03,-0.7,0.0,-1
30.351,-21.92,143.18,-16.9,0.07,-0.7,0.0,-1
30.397,-21.93,143.19,-16.74,0.1,-0.7,0.0,-1
30.468,-21.94,143.2,-16.53,0.14,-0.7,0.0,-1
30.514,-21.95,143.21,-16.33,0.0,-0.7,0.0,-1
30.608,-21.96,143.22,-16.07,0.0,-0.7,0.0,-1
30.655,-21.97,143.22,-15.88,0.0,-0.7,0.0,-1
30.724,-21.98,143.23,-15.61,0.0,-0.7,0.0,-1
30.769,-22.0,143.24,-15.35,0.0,-0.7,0.0,-1
30.862,-22.01,143.25,-15.1,0.0,-0.7,0.0,-1
30.908,-22.02,143.26,-14.86,0.0,-0.7,0.0,-1
30.977,-22.03,143.26,-14.7,0.0,-0.7,0.0,-1
31.047,-22.04,143.27,-14.48,0.0,-0.7,0.0,-1
31.094,-22.05,143.28,-14.27,0.0,-0.7,0.0,-1
31.187,-22.06,143.29,-14.07,0.0,-0.7,0.0,-1
31.234,-22.07,143.29,-13.95,0.0,-0.7,0.0,-1
31.305,-22.07,143.3,-13.76,0.0,-0.7,0.0,-1
31.377,-22.08,143.3,-13.59,0.0,-0.7,0.0,-1
31.424,-22.09,143.31,-13.48,0.0,-0.7,0.0,-1
31.495,-22.1,143.31,-13.33,0.02,-0.7,0.0,-1
31.541,-22.1,143.32,-13.18,0.06,-0.7,0.0,-1
31.634,-22.11,143.32,-13.07,0.1,-0.7,0.0,-1
31.68,-22.11,143.32,-13.0,0.13,-0.7,0.0,-1
31.728,-22.12,143.33,-12.89,0.18,-0.7,0.0,-1
31.824,-22.12,143.33,-12.81,0.22,-0.7,0.0,-1
31.872,-22.13,143.33,-12.75,0.25,-0.7,0.0,-1
31.942,-22.13,143.34,-12.62,0.0,-0.7,0.0,-1
32.012,-22.14,143.34,-12.39,0.0,-0.7,0.0,-1
32.082,-22.16,143.35,-12.14,0.0,-0.7,0.0,-1
32.13,-22.17,143.36,-11.97,0.0,-0.7,0.0,-1
32.202,-22.18,143.37,-11.71,0.0,-0.7,0.0,-1
32.273,-22.19,143.38,-11.47,0.0,-0.7,0.0,-1
32.321,-22.2,143.38,-11.32,0.0,-0.7,0.0,-1
32.393,-22.21,143.39,-11.09,0.0,-0.7,0.0,-1
32.462,-22.22,143.39,-10.89,0.0,-0.7,0.0,-1
32.532,-22.23,143.4,-10.69,0.0,-0.7,0.0,-1
32.58,-22.24,143.4,-10.56,0.0,-0.7,0.0,-1
32.652,-22.25,143.41,-10.38,0.0,-0.7,0.0,-1
32.698,-22.26,143.42,-10.21,0.0,-0.7,0.0,-1
32.769,-22.26,143.42,-10.1,0.0,-0.7,0.0,-1
32.84,-22.27,143.42,-9.95,0.01,-0.7,0.0,-1
32.911,-22.28,143.43,-9.81,0.05,-0.7,0.0,-1
32.958,-22.28,143.43,-9.72,0.08,-0.7,0.0,-1
33.028,-22.29,143.44,-9.61,0.13,-0.7,0.0,-1
33.097,-22.29,143.44,-9.51,0.17,-0.7,0.0,-1
33.168,-22.3,143.44,-9.41,0.21,-0.7,0.0,-1
33.214,-22.3,143.44,-9.32,0.0,-0.7,0.0,-1
33.284,-22.31,143.45,-9.14,0.0,-0.7,0.0,-1
33.355,-22.32,143.46,-8.93,0.0,-0.7,0.0,-1
33.402,-22.33,143.46,-8.71,0.0,-0.7,0.0,-1
33.474,-22.34,143.47,-8.57,0.0,-0.7,0.0,-1
33.522,-22.35,143.47,-8.36,0.0,-0.7,0.0,-1
33.594,-22.36,143.48,-8.17,0.0,-0.7,0.0,-1
33.664,-22.37,143.48,-8.05,0.0,-0.7,0.0,-1
33.733,-22.38,143.49,-7.88,0.0,-0.7,0.0,-1
33.803,-22.39,143.49,-7.71,0.0,-0.7,0.0,-1
33.872,-22.4,143.5,-7.55,0.0,-0.7,0.0,-1
33.919,-22.4,143.5,-7.45,0.0,-0.7,0.0,-1
33.988,-22.41,143.5,-7.31,0.0,-0.7,0.0,-1
34.058,-22.42,143.51,-7.18,0.0,-0.7,0.0,-1
34.127,-22.42,143.51,-7.05,0.0,-0.7,0.0,-1
34.196,-22.43,143.52,-6.93,0.0,-0.7,0.0,-1
34.243,-22.43,143.52,-6.85,0.0,-0.7,0.0,-1
34.313,-22.44,143.52,-6.74,0.0,-0.7,0.0,-1
34.385,-22.44,143.52,-6.65,0.0,-0.7,0.0,-1
34.43,-22.44,143.52,-6.65,0.0,-0.7,0.0,-1
34.499,-22.45,143.52,-6.61,0.03,-0.7,0.0,-1
34.569,-22.45,143.53,-6.58,0.08,-0.7,0.0,-1
34.616,-22.45,143.53,-6.56,0.12,-0.7,0.0,-1
34.708,-22.45,143.53,-6.52,0.0,-0.7,0.0,-1
34.755,-22.45,143.53,-6.48,0.0,-0.7,0.0,-1
34.8,-22.45,143.53,-6.44,0.0,-0.7,0.0,-1
34.89,-22.46,143.53,-6.35,0.0,-0.7,0.0,-1
34.96,-22.46,143.53,-6.29,0.0,-0.7,0.0,-1
35.009,-22.46,143.53,-6.25,0.0,-0.7,0.0,-1
35.082,-22.47,143.54,-6.18,0.0,-0.7,0.0,-1
35.128,-22.47,143.54,-6.13,0.0,-0.7,0.0,-1
35.199,-22.47,143.54,-6.09,0.0,-0.7,0.0,-1
35.269,-22.48,143.54,-6.05,0.0,0.0,0.0,-1
35.339,-22.48,143.54,-6.03,0.0,0.0,0.0,-1
35.41,-22.48,143.54,-6.03,0.0,0.0,0.0,-1
35.457,-22.48,143.54,-6.03,0.0,0.0,0.0,-1
35.527,-22.49,143.54,-6.02,0.0,0.0,0.0,-1
35.597,-22.49,143.54,-6.02,0.0,0.0,0.0,-1
35.644,-22.49,143.54,-6.02,0.0,0.0,0.0,-1
35.714,-22.49,143.54,-6.02,0.0,0.0,0.0,-1
35.785,-22.49,143.54,-6.02,0.0,0.0,0.0,-1
35.83,-22.49,143.54,-6.02,0.0,0.0,0.0,-1
35.923,-22.49,143.54,-6.02,0.0,0.0,0.0,-1
35.97,-22.49,143.54,-6.02,0.0,0.0,0.0,-1
36.041,-22.49,143.54,-6.02,0.0,0.0,0.0,-1
36.112,-22.49,143.54,-6.02,0.0,0.0,0.0,-1
36.159,-22.49,143.54,-6.02,0.0,0.0,0.0,-1
36.229,-22.49,143.54,-6.02,0.0,0.0,0.0,-1
36.298,-22.49,143.54,-6.02,0.0,0.0,0.0,-1
36.368,-22.49,143.54,-6.02,0.0,0.0,0.0,-1
36.415,-22.49,143.54,-6.02,0.0,0.0,0.0,-1
36.486,-22.49,143.54,-6.02,0.0,0.0,0.0,1
36.556,-22.49,143.54,-6.02,0.0,0.0,0.0,1
36.627,-22.49,143.54,-6.02,0.0,0.0,0.0,1
36.674,-22.49,143.54,-6.02,0.0,0.0,0.0,1
36.744,-22.49,143.54,-6.02,0.0,0.0,0.0,1
36.812,-22.49,143.54,-6.02,0.0,0.1,0.0,1
36.88,-22.49,143.54,-6.02,0.0,0.1,0.0,1
36.929,-22.49,143.54,-6.02,0.0,0.1,0.0,1
36.977,-22.49,143.54,-6.02,0.0,0.2,0.0,1
37.072,-22.49,143.54,-6.02,0.0,0.2,0.0,1
37.119,-22.49,143.54,-6.02,0.0,0.2,0.0,1
37.189,-22.49,143.54,-6.02,0.0,0.3,0.0,1
37.236,-22.49,143.54,-6.02,0.0,0.3,0.0,1
37.33,-22.49,143.54,-6.02,0.0,0.3,0.0,1
37.378,-22.49,143.54,-6.02,0.03,0.3,0.0,1
37.448,-22.49,143.54,-6.03,0.08,0.4,0.0,1
37.495,-22.49,143.54,-6.02,0.0,0.4,0.0,1
37.568,-22.49,143.54,-6.01,0.0,0.4,0.0,1
37.64,-22.49,143.54,-5.99,0.0,0.5,0.0,1
37.711,-22.49,143.54,-5.96,0.0,0.5,0.0,1
37.759,-22.48,143.54,-5.94,0.0,0.5,0.0,1
37.828,-22.48,143.54,-5.92,0.04,0.6,0.0,1
37.874,-22.48,143.54,-5.89,0.08,0.6,0.0,1
37.967,-22.48,143.54,-5.87,0.0,0.6,0.0,1
38.013,-22.48,143.54,-5.83,0.0,0.7,0.0,1
38.082,-22.47,143.54,-5.79,0.0,0.7,0.0,1
38.153,-22.47,143.55,-5.75,0.03,0.7,0.0,1
38.224,-22.47,143.55,-5.7,0.07,0.7,0.0,1
38.271,-22.47,143.55,-5.68,0.0,0.7,0.0,1
38.34,-22.46,143.55,-5.62,0.0,0.7,0.0,1
38.387,-22.46,143.55,-5.56,0.02,0.7,0.0,1
38.479,-22.46,143.55,-5.53,0.06,0.7,0.0,1
38.549,-22.46,143.55,-5.49,0.0,0.7,0.0,1
38.596,-22.46,143.55,-5.45,0.0,0.7,0.0,1
38.666,-22.45,143.55,-5.41,0.03,0.7,0.0,1
38.736,-22.45,143.55,-5.36,0.07,0.7,0.0,1
38.783,-22.45,143.55,-5.33,0.0,0.7,0.0,1
38.85,-22.45,143.55,-5.27,0.0,0.7,0.0,1
38.922,-22.44,143.55,-5.22,0.05,0.7,0.0,1
38.969,-22.44,143.55,-5.19,0.0,0.7,0.0,1
39.038,-22.44,143.55,-5.16,0.0,0.7,0.0,1
39.108,-22.44,143.56,-5.11,0.03,0.7,0.0,1
39.155,-22.44,143.56,-5.08,0.07,0.7,0.0,1
39.248,-22.43,143.56,-5.04,0.0,0.7,0.0,1
39.296,-22.43,143.56,-5.0,0.0,0.7,0.0,1
39.368,-22.43,143.56,-4.95,0.04,0.7,0.0,1
39.438,-22.43,143.56,-4.89,0.08,0.7,0.0,1
39.485,-22.42,143.56,-4.87,0.11,0.7,0.0,1
39.555,-22.42,143.56,-4.83,0.15,0.7,0.0,1
39.601,-22.42,143.56,-4.76,0.0,0.7,0.0,1
39.693,-22.41,143.56,-4.65,0.0,0.7,0.0,1
39.74,-22.41,143.56,-4.57,0.0,0.7,0.0,1
39.81,-22.4,143.57,-4.44,0.0,0.7,0.0,1
39.878,-22.39,143.57,-4.31,0.04,0.7,0.0,1
39.947,-22.39,143.57,-4.2,0.08,0.7,0.0,1
39.995,-22.38,143.57,-4.13,0.11,0.7,0.0,1
40.064,-22.38,143.57,-4.06,0.15,0.7,0.0,1
40.135,-22.37,143.57,-3.96,0.0,0.7,0.0,1
40.205,-22.36,143.58,-3.82,0.0,0.7,0.0,1
40.274,-22.36,143.58,-3.67,0.0,0.7,0.0,1
40.322,-22.35,143.58,-3.58,0.0,0.7,0.0,1
40.39,-22.34,143.58,-3.44,0.0,0.0,0.0,1
40.46,-22.33,143.59,-3.37,0.0,0.0,0.0,1
40.506,-22.33,143.58,-3.35,0.0,0.0,0.0,1
40.597,-22.32,143.58,-3.35,0.0,0.0,0.0,1
40.644,-22.31,143.58,-3.35,0.0,0.0,0.0,1
40.713,-22.31,143.58,-3.35,0.04,0.0,0.0,1
40.785,-22.3,143.58,-3.35,0.08,0.0,0.0,1
40.832,-22.3,143.58,-3.36,0.11,0.0,0.0,1
40.9,-22.29,143.58,-3.36,0.0,0.0,0.0,1
40.948,-22.28,143.58,-3.36,0.0,0.0,0.0,1
41.043,-22.28,143.58,-3.36,0.0,0.0,0.0,1
41.091,-22.27,143.58,-3.36,0.0,0.0,0.0,1
41.163,-22.26,143.58,-3.36,0.0,0.0,0.0,1
41.233,-22.26,143.58,-3.35,0.0,0.1,0.0,1
41.28,-22.25,143.58,-3.34,0.0,0.1,0.0,1
41.353,-22.25,143.58,-3.33,0.0,0.1,0.0,1
41.423,-22.24,143.58,-3.31,0.0,0.2,0.0,1
41.492,-22.24,143.58,-3.29,0.01,0.2,0.0,1
41.539,-22.23,143.58,-3.27,0.05,0.2,0.0,1
41.584,-22.23,143.58,-3.25,0.1,0.2,0.0,1
41.654,-22.22,143.58,-3.22,0.0,0.3,0.0,1
41.745,-22.22,143.58,-3.17,0.01,0.3,0.0,1
41.793,-22.21,143.58,-3.15,0.04,0.3,0.0,1
41.865,-22.21,143.58,-3.11,0.0,0.4,0.0,1
41.936,-22.2,143.58,-3.06,0.0,0.4,0.0,1
42.006,-22.2,143.58,-3.01,0.0,0.4,0.0,1
42.05,-22.19,143.58,-2.97,0.0,0.5,0.0,1
42.119,-22.19,143.59,-2.91,0.0,0.5,0.0,1
42.189,-22.18,143.59,-2.85,0.0,0.5,0.0,1
42.235,-22.18,143.59,-2.8,0.0,0.6,0.0,1
42.306,-22.18,143.59,-2.75,0.0,0.6,0.0,1
42.378,-22.17,143.59,-2.7,0.0,0.6,0.0,1
42.423,-22.17,143.59,-2.64,0.0,0.7,0.0,1
42.494,-22.17,143.59,-2.58,0.0,0.7,0.0,1
42.563,-22.16,143.59,-2.55,0.0,0.7,0.0,1
42.634,-22.16,143.59,-2.5,0.0,0.7,0.0,1
42.704,-22.16,143.59,-2.46,0.0,0.0,0.0,1
42.772,-22.16,143.59,-2.44,0.0,0.0,0.0,1
42.818,-22.15,143.59,-2.44,0.0,0.0,0.0,1
42.889,-22.15,143.59,-2.44,0.0,0.0,0.0,1
42.934,-22.15,143.59,-2.44,0.0,0.0,0.0,1
43.004,-22.15,143.59,-2.44,0.0,0.0,0.0,1
43.075,-22.15,143.59,-2.44,0.0,0.0,0.0,1
43.147,-22.15,143.59,-2.44,0.0,0.1,0.0,1
43.217,-22.15,143.59,-2.44,0.0,0.1,0.0,1
43.286,-22.15,143.59,-2.44,0.0,0.1,0.0,1
43.333,-22.15,143.59,-2.44,0.0,0.2,0.0,1
43.404,-22.15,143.59,-2.44,0.0,0.2,0.0,1
43.473,-22.15,143.59,-2.44,0.0,0.2,0.0,1
43.518,-22.15,143.59,-2.44,0.0,0.3,0.0,1
43.586,-22.15,143.59,-2.44,0.04,0.3,0.0,1
43.654,-22.15,143.59,-2.44,0.09,0.3,0.0,1
43.724,-22.15,143.59,-2.43,0.0,0.4,0.0,1
43.792,-22.15,143.59,-2.43,0.0,0.4,0.0,1
43.837,-22.15,143.59,-2.42,0.03,0.4,0.0,1
43.907,-22.15,143.59,-2.42,0.07,0.4,0.0,1
43.979,-22.15,143.59,-2.4,0.0,0.5,0.0,1
44.05,-22.15,143.59,-2.38,0.0,0.5,0.0,1
44.096,-22.14,143.59,-2.37,0.0,0.5,0.0,1
44.168,-22.14,143.59,-2.34,0.0,0.6,0.0,1
44.238,-22.14,143.6,-2.32,0.0,0.6,0.0,1
44.306,-22.14,143.6,-2.3,0.0,0.6,0.0,1
44.353,-22.14,143.6,-2.28,0.0,0.7,0.0,1
44.424,-22.14,143.6,-2.26,0.0,0.7,0.0,1
44.471,-22.14,143.6,-2.24,0.0,0.7,0.0,1
44.543,-22.14,143.6,-2.22,0.0,0.7,0.0,1
44.611,-22.13,143.6,-2.21,0.0,0.7,0.0,1
44.683,-22.13,143.6,-2.2,0.0,0.7,0.0,1
44.731,-22.13,143.6,-2.19,0.0,0.7,0.0,1
44.803,-22.13,143.6,-2.18,0.0,0.7,0.0,1
44.872,-22.13,143.6,-2.17,0.0,0.7,0.0,1
44.944,-22.13,143.6,-2.16,0.0,0.7,0.0,1
44.991,-22.13,143.6,-2.19,0.02,0.7,0.0,1
45.062,-22.13,143.6,-2.21,0.07,0.7,0.0,1
45.13,-22.13,143.6,-2.2,0.11,0.7,0.0,1
45.176,-22.13,143.6,-2.18,0.0,0.7,0.0,1
45.269,-22.13,143.6,-2.14,0.0,0.7,0.0,1
45.316,-22.13,143.6,-2.13,0.04,0.7,0.0,1
45.363,-22.13,143.6,-2.11,0.09,0.7,0.0,1
45.431,-22.13,143.6,-2.08,0.13,0.7,0.0,1
45.523,-22.12,143.6,-2.07,0.17,0.7,0.0,1
45.571,-22.12,143.6,-2.05,0.2,0.7,0.0,1
45.641,-22.12,143.6,-2.01,0.25,0.7,0.0,1
45.711,-22.12,143.6,-1.94,0.0,0.7,0.0,1
45.758,-22.11,143.6,-1.84,0.0,0.7,0.0,1
45.829,-22.1,143.61,-1.67,0.0,0.7,0.0,1
45.9,-22.09,143.61,-1.48,0.0,0.7,0.0,1
45.947,-22.08,143.61,-1.31,0.0,0.7,0.0,1
46.017,-22.07,143.62,-1.2,0.0,0.7,0.0,1
46.088,-22.07,143.62,-1.03,0.0,0.7,0.0,1
46.134,-22.06,143.62,-0.89,0.0,0.7,0.0,1
46.226,-22.05,143.63,-0.76,0.0,0.0,0.0,1
46.272,-22.04,143.63,-0.72,0.0,0.0,0.0,1
46.344,-22.03,143.63,-0.71,0.0,0.0,0.0,1
46.391,-22.03,143.63,-0.71,0.0,0.0,0.0,1
46.462,-22.02,143.63,-0.71,0.0,0.0,0.0,1
46.533,-22.01,143.63,-0.71,0.02,0.0,0.0,1
46.579,-22.01,143.63,-0.71,0.07,0.0,0.0,1
46.651,-22.0,143.63,-0.71,0.11,0.0,0.0,1
46.72,-22.0,143.63,-0.71,0.14,0.0,0.0,1
46.789,-21.99,143.63,-0.71,0.0,0.0,0.0,1
46.86,-21.99,143.63,-0.71,0.0,0.0,0.0,1
46.928,-21.98,143.62,-0.71,0.0,0.0,0.0,1
46.975,-21.97,143.62,-0.71,0.0,0.0,0.0,1
47.044,-21.96,143.62,-0.71,0.0,0.0,0.0,1
47.116,-21.95,143.62,-0.71,0.0,0.0,0.0,1
47.186,-21.94,143.62,-0.71,0.01,0.0,0.0,1
47.254,-21.93,143.62,-0.71,0.04,0.0,0.0,1
47.3,-21.93,143.62,-0.71,0.08,0.0,0.0,1
47.371,-21.92,143.62,-0.71,0.0,0.0,0.0,1
47.44,-21.92,143.62,-0.71,0.0,0.0,0.0,1
47.508,-21.91,143.62,-0.71,0.0,0.0,0.0,1
47.555,-21.9,143.62,-0.71,0.0,0.0,0.0,1
47.625,-21.89,143.62,-0.71,0.0,0.0,0.0,1
47.695,-21.89,143.62,-0.71,0.0,0.0,0.0,1
47.763,-21.88,143.62,-0.71,0.0,0.0,0.0,1
47.81,-21.88,143.62,-0.71,0.0,0.0,0.0,1
47.88,-21.87,143.62,-0.71,0.0,0.0,0.0,1
47.95,-21.87,143.62,-0.71,0.0,0.0,0.0,1
47.996,-21.86,143.62,-0.71,0.0,0.0,0.0,1
48.066,-21.86,143.62,-0.71,0.0,0.0,0.0,1
48.134,-21.85,143.62,-0.71,0.0,0.0,0.0,1
48.179,-21.85,143.62,-0.71,0.0,0.0,0.0,1
48.274,-21.84,143.62,-0.71,0.0,0.0,0.0,1
48.322,-21.84,143.62,-0.71,0.0,0.0,0.0,1
48.391,-21.84,143.62,-0.71,0.0,0.0,0.0,1
48.46,-21.84,143.62,-0.71,0.0,0.0,0.0,1
48.528,-21.84,143.62,-0.71,0.0,0.0,0.0,1
48.575,-21.84,143.62,-0.71,0.0,0.0,0.0,1
48.644,-21.84,143.62,-0.71,0.0,0.0,0.0,1
48.69,-21.84,143.62,-0.71,0.0,0.0,0.0,1
48.783,-21.84,143.62,-0.71,0.0,0.0,0.0,1
48.851,-21.84,143.62,-0.71,0.0,0.0,0.0,1
48.898,-21.84,143.62,-0.71,0.0,0.0,0.0,1
48.967,-21.84,143.62,-0.71,0.0,0.0,0.0,1
49.036,-21.84,143.62,-0.71,0.0,0.0,0.0,1
49.105,-21.84,143.62,-0.71,0.0,0.0,0.0,1
49.152,-21.84,143.62,-0.71,0.0,0.0,0.0,1
49.221,-21.84,143.62,-0.71,0.0,0.0,0.0,1
49.267,-21.84,143.62,-0.71,0.0,0.0,0.0,1
49.36,-21.84,143.62,-0.71,0.0,0.0,0.0,1
49.406,-21.84,143.62,-0.71,0.0,0.0,0.0,1
49.476,-21.84,143.62,-0.71,0.0,0.0,0.0,1
49.544,-21.84,143.62,-0.71,0.0,0.0,0.0,1
49.591,-21.84,143.62,-0.71,0.0,0.0,0.0,1
49.684,-21.84,143.62,-0.71,0.0,0.0,0.0,1
49.729,-21.84,143.62,-0.71,0.0,0.0,0.0,1
49.799,-21.84,143.62,-0.71,0.0,0.0,0.0,1
49.867,-21.84,143.62,-0.71,0.0,0.0,0.0,1
49.935,-21.84,143.62,-0.71,0.0,0.0,0.0,1
49.98,-21.84,143.62,-0.71,0.0,0.0,0.0,1
50.05,-21.84,143.62,-0.71,0.0,0.0,0.0,1
50.121,-21.84,143.62,-0.71,0.0,0.0,0.0,1
50.192,-21.84,143.62,-0.71,0.0,0.0,0.0,1
50.261,-21.84,143.62,-0.71,0.0,0.0,0.0,1
50.307,-21.84,143.62,-0.71,0.0,0.0,0.0,1
50.375,-21.84,143.62,-0.71,0.0,0.0,0.0,1
50.42,-21.84,143.62,-0.71,0.0,0.0,0.0,1
50.511,-21.84,143.62,-0.71,0.0,0.0,0.0,1
50.582,-21.84,143.62,-0.71,0.0,0.0,0.0,1
50.627,-21.84,143.62,-0.71,0.0,0.0,0.0,1
50.698,-21.84,143.62,-0.71,0.0,0.0,0.0,1
50.766,-21.84,143.62,-0.71,0.0,0.0,0.0,1
50.813,-21.84,143.62,-0.71,0.0,0.0,0.0,1
50.88,-21.84,143.62,-0.71,0.0,0.0,0.0,1
50.95,-21.84,143.62,-0.71,0.0,0.0,0.0,1
