Time, x, y, angle, throttle, steer, brake, gear 
0.0,-25.0,139.0,0.0,0.0,0.0,0.0,1
0.068,-25.0,139.0,0.0,0.0,0.0,0.0,1
0.123,-25.0,139.0,0.0,0.0,0.0,0.0,1
0.188,-25.0,139.0,0.0,0.0,0.0,0.0,1
0.257,-25.0,139.0,0.0,0.0,0.0,0.0,1
0.336,-25.0,139.0,0.0,0.0,0.0,0.0,1
0.383,-25.0,139.0,0.0,0.0,0.0,0.0,1
0.454,-25.0,139.0,0.0,0.0,0.0,0.0,1
0.524,-25.0,139.0,0.0,0.0,0.0,0.0,1
0.57,-25.0,139.0,0.0,0.0,0.0,0.0,1
0.639,-25.0,139.0,0.0,0.0,0.0,0.0,1
0.709,-25.0,139.0,0.0,0.0,0.0,0.0,1
0.781,-25.0,139.0,0.0,0.0,0.0,0.0,1
0.831,-25.0,139.0,0.0,0.0,0.0,0.0,1
0.902,-25.0,139.0,0.0,0.0,0.0,0.0,1
0.972,-25.0,139.0,0.0,0.0,0.0,0.0,1
1.04,-25.0,139.0,0.0,0.0,0.0,0.0,1
1.086,-25.0,139.0,0.0,0.0,0.1,0.0,1
1.154,-25.0,139.0,-0.0,0.0,0.1,0.0,1
1.223,-25.0,139.0,-0.0,0.0,0.1,0.0,1
1.295,-25.0,139.0,-0.0,0.0,0.2,0.0,1
1.343,-25.0,139.0,-0.0,0.0,0.2,0.0,1
1.412,-25.0,139.0,-0.0,0.01,0.2,0.0,1
1.482,-25.0,139.0,-0.0,0.05,0.3,0.0,1
1.552,-25.0,139.0,0.0,0.09,0.3,0.0,1
1.601,-25.0,139.0,0.0,0.12,0.3,0.0,1
1.67,-25.0,139.0,0.0,0.17,0.4,0.0,1
1.739,-25.0,139.0,0.0,0.21,0.4,0.0,1
1.789,-25.0,139.0,0.0,0.24,0.4,0.0,1
1.861,-25.0,139.0,0.0,0.29,0.4,0.0,1
1.93,-25.0,139.0,0.0,0.33,0.5,0.0,1
1.998,-25.0,139.0,0.0,0.37,0.5,0.0,1
2.043,-25.0,139.0,0.0,0.0,0.5,0.0,1
2.115,-25.0,139.0,0.0,0.0,0.6,0.0,1
2.186,-25.0,139.0,0.0,0.0,0.6,0.0,1
2.235,-25.0,139.0,0.0,0.0,0.6,0.0,1
2.312,-25.0,139.0,0.0,0.0,0.7,0.0,1
2.38,-25.0,139.0,0.0,0.0,0.7,0.0,1
2.427,-25.0,139.0,0.0,0.0,0.7,0.0,1
2.498,-25.0,139.0,0.0,0.0,0.7,0.0,1
2.57,-25.0,139.0,0.0,0.0,0.7,0.0,1
2.642,-25.0,139.0,0.0,0.0,0.7,0.0,1
2.689,-25.0,139.0,0.0,0.0,0.7,0.0,1
2.736,-25.0,139.0,0.0,0.03,0.7,0.0,1
2.83,-25.0,139.0,0.0,0.07,0.7,0.0,1
2.877,-25.0,139.0,0.0,0.1,0.7,0.0,1
2.945,-25.0,139.0,0.0,0.14,0.7,0.0,1
3.016,-25.0,139.0,0.0,0.19,0.7,0.0,1
3.084,-25.0,139.0,0.0,0.23,0.7,0.0,1
3.155,-25.0,139.0,0.0,0.26,0.7,0.0,1
3.202,-25.0,139.0,0.0,0.3,0.7,0.0,1
3.272,-25.0,139.0,0.0,0.35,0.7,0.0,1
3.341,-25.0,139.0,0.0,0.39,0.7,0.0,1
3.388,-25.0,139.0,0.0,0.42,0.7,0.0,1
3.456,-25.0,139.0,0.0,0.0,0.7,0.0,1
3.529,-25.0,139.0,0.0,0.0,0.7,0.0,1
3.598,-25.0,139.0,0.0,0.0,0.7,0.0,1
3.667,-25.0,139.0,0.0,0.0,0.7,0.0,1
3.712,-25.0,139.0,0.0,0.0,0.7,0.0,1
3.782,-25.0,139.0,0.0,0.0,0.7,0.0,1
3.826,-25.0,139.0,0.0,0.04,0.7,0.0,1
3.895,-25.0,139.0,0.0,0.08,0.7,0.0,1
3.965,-25.0,139.0,0.0,0.11,0.7,0.0,1
4.032,-25.0,139.0,0.0,0.15,0.7,0.0,1
4.1,-25.0,139.0,0.0,0.2,0.7,0.0,1
4.144,-25.0,139.0,0.0,0.24,0.7,0.0,1
4.24,-25.0,139.0,0.0,0.28,0.7,0.0,1
4.287,-25.0,139.0,0.0,0.31,0.7,0.0,1
4.356,-25.0,139.0,0.0,0.36,0.7,0.0,1
4.425,-25.0,139.0,0.0,0.4,0.7,0.0,1
4.494,-25.0,139.0,0.0,0.44,0.7,0.0,1
4.541,-25.0,139.0,0.0,0.47,0.7,0.0,1
4.61,-25.0,139.0,0.06,0.52,0.7,0.0,1
4.681,-24.96,139.02,0.77,0.56,0.7,0.0,1
4.751,-24.9,139.04,1.92,0.6,0.7,0.0,1
4.8,-24.84,139.06,2.83,0.63,0.7,0.0,1
4.869,-24.76,139.1,4.24,0.0,0.7,0.0,1
4.938,-24.68,139.14,5.78,0.0,0.7,0.0,1
5.009,-24.58,139.19,7.42,0.0,0.7,0.0,1
5.075,-24.5,139.23,8.88,0.0,0.7,0.0,1
5.121,-24.44,139.26,9.6,0.0,0.0,0.0,1
5.189,-24.36,139.29,10.06,0.0,0.0,0.0,1
5.257,-24.27,139.3,10.07,0.0,0.0,0.0,1
5.326,-24.19,139.32,10.07,0.0,0.0,0.0,1
5.395,-24.11,139.33,10.07,0.0,0.0,0.0,1
5.442,-24.06,139.34,10.07,0.0,0.0,0.0,1
5.513,-23.99,139.35,10.07,0.0,0.0,0.0,1
5.583,-23.92,139.36,10.07,0.0,0.0,0.0,1
5.628,-23.86,139.38,10.17,0.0,0.1,0.0,1
5.696,-23.82,139.39,10.26,0.0,0.1,0.0,1
5.765,-23.77,139.4,10.39,0.0,0.1,0.0,1
5.833,-23.72,139.41,10.6,0.0,0.2,0.0,1
5.901,-23.67,139.43,10.83,0.0,0.2,0.0,1
5.946,-23.62,139.44,11.05,0.0,0.2,0.0,1
6.015,-23.59,139.45,11.23,0.0,0.3,0.0,1
6.084,-23.55,139.47,11.52,0.0,0.3,0.0,1
6.154,-23.52,139.48,11.8,0.0,0.3,0.0,1
6.222,-23.48,139.49,11.99,0.0,0.0,0.0,1
6.291,-23.44,139.5,12.0,0.0,0.0,0.0,1
6.337,-23.42,139.5,12.0,0.0,0.0,0.0,1
6.405,-23.39,139.51,12.0,0.03,0.0,0.0,1
6.474,-23.37,139.52,12.0,0.07,0.0,0.0,1
6.543,-23.34,139.52,12.0,0.11,0.0,0.0,1
6.591,-23.33,139.52,12.0,0.14,0.0,0.0,1
6.661,-23.31,139.53,12.0,0.19,0.0,0.0,1
6.728,-23.3,139.53,11.99,0.23,0.0,0.0,1
6.795,-23.28,139.53,11.99,0.27,0.0,0.0,1
6.865,-23.26,139.54,11.99,0.3,0.0,0.0,1
6.912,-23.25,139.54,11.99,0.34,0.0,0.0,1
6.958,-23.23,139.55,12.0,0.39,0.0,0.0,1
7.055,-23.2,139.55,11.99,0.43,0.0,0.0,1
7.101,-23.16,139.56,11.99,0.46,0.0,0.0,1
7.17,-23.14,139.56,12.01,0.5,0.0,0.0,1
7.238,-23.09,139.57,12.01,0.55,0.0,0.0,1
7.308,-23.04,139.59,12.0,0.59,0.0,0.0,1
7.377,-22.98,139.6,12.0,0.0,0.0,0.0,1
7.423,-22.93,139.61,12.0,0.0,0.0,0.0,1
7.49,-22.85,139.62,12.0,0.0,0.0,0.0,1
7.559,-22.78,139.64,12.0,0.0,0.0,0.0,1
7.627,-22.71,139.66,12.0,0.0,0.0,0.0,1
7.696,-22.65,139.67,12.0,0.03,0.0,0.0,1
7.744,-22.61,139.68,12.0,0.07,0.0,0.0,1
7.813,-22.55,139.69,12.0,0.12,0.0,0.0,1
7.884,-22.5,139.7,12.01,0.16,0.0,0.0,1
7.952,-22.45,139.71,12.0,0.19,0.0,0.0,1
7.997,-22.42,139.72,11.99,0.23,0.0,0.0,1
8.065,-22.38,139.73,11.98,0.27,0.0,0.0,1
8.134,-22.34,139.73,11.98,0.32,0.0,0.0,1
8.203,-22.29,139.74,11.98,0.36,0.0,0.0,1
8.272,-22.25,139.75,11.98,0.4,0.0,0.0,1
8.318,-22.19,139.76,11.99,0.43,0.0,0.0,1
8.386,-22.15,139.77,11.99,0.47,0.0,0.0,1
8.455,-22.09,139.79,11.99,0.52,0.0,0.0,1
8.502,-22.01,139.8,11.99,0.56,0.0,0.0,1
8.594,-21.92,139.82,11.99,0.0,0.0,0.0,1
8.64,-21.86,139.84,11.99,0.0,0.0,0.0,1
8.708,-21.78,139.85,11.99,0.0,0.0,0.0,1
8.776,-21.69,139.87,11.99,0.01,0.0,0.0,1
8.846,-21.61,139.89,11.99,0.05,0.0,0.0,1
8.892,-21.56,139.9,11.99,0.08,0.0,0.0,1
8.96,-21.49,139.91,11.99,0.12,0.0,0.0,1
9.028,-21.43,139.93,11.99,0.17,0.0,0.0,1
9.096,-21.36,139.94,11.99,0.21,0.0,0.0,1
9.165,-21.3,139.96,11.99,0.25,0.0,0.0,1
9.21,-21.24,139.97,11.99,0.29,0.0,0.0,1
9.279,-21.19,139.98,11.99,0.32,0.0,0.0,1
9.349,-21.13,139.99,11.99,0.37,0.0,0.0,1
9.419,-21.06,140.01,11.99,0.41,0.0,0.0,1
9.487,-20.98,140.02,11.99,0.45,0.0,0.0,1
9.534,-20.93,140.03,11.99,0.48,0.0,0.0,1
9.603,-20.84,140.05,11.99,0.53,0.0,0.0,1
9.672,-20.75,140.07,11.99,0.57,0.0,0.0,1
9.739,-20.66,140.09,11.99,0.0,0.0,0.0,1
9.786,-20.55,140.11,11.99,0.0,0.0,0.0,1
9.855,-20.48,140.13,11.99,0.0,0.0,0.0,1
9.922,-20.38,140.15,11.99,0.0,0.0,0.0,1
9.99,-20.28,140.17,11.99,0.0,0.0,0.0,1
10.058,-20.19,140.19,11.99,0.0,0.0,0.0,1
10.128,-20.1,140.21,11.99,0.0,0.0,0.0,1
10.175,-20.04,140.22,11.99,0.01,0.0,0.0,1
10.244,-19.97,140.24,11.99,0.06,0.0,0.0,1
10.312,-19.9,140.25,11.99,0.1,0.0,0.0,1
10.383,-19.83,140.27,11.99,0.14,0.0,0.0,1
10.451,-19.77,140.28,11.99,0.17,-0.0,0.0,1
10.497,-19.73,140.29,11.99,0.21,-0.0,0.0,1
10.566,-19.67,140.3,11.9,0.26,-0.1,0.0,1
10.636,-19.61,140.31,11.75,0.3,-0.1,0.0,1
10.703,-19.55,140.32,11.6,0.34,-0.1,0.0,1
10.749,-19.48,140.33,11.36,0.37,-0.2,0.0,1
10.817,-19.44,140.33,11.15,0.41,-0.2,0.0,1
10.887,-19.36,140.34,10.8,0.46,-0.2,0.0,1
10.957,-19.28,140.34,10.38,0.5,-0.3,0.0,1
11.004,-19.2,140.35,10.07,0.53,0.0,0.0,1
11.075,-19.13,140.36,10.06,0.58,0.0,0.0,1
11.146,-19.03,140.38,10.06,0.62,0.0,0.0,1
11.215,-18.92,140.4,10.06,0.66,-0.0,0.0,1
11.262,-18.84,140.41,10.05,0.69,-0.0,0.0,1
11.33,-18.71,140.43,9.9,0.74,-0.1,0.0,1
11.401,-18.57,140.45,9.59,0.78,-0.1,0.0,1
11.47,-18.42,140.47,9.24,0.82,-0.2,0.0,1
11.537,-18.26,140.48,8.57,0.85,-0.2,0.0,1
11.584,-18.13,140.48,8.02,0.89,-0.2,0.0,1
11.655,-17.93,140.49,7.08,0.0,-0.2,0.0,1
11.724,-17.7,140.49,5.83,0.0,-0.3,0.0,1
11.794,-17.47,140.48,4.36,0.0,-0.3,0.0,1
11.841,-17.31,140.48,3.89,0.0,0.0,0.0,1
11.888,-17.08,140.49,3.81,0.0,0.0,0.0,1
11.982,-16.87,140.51,3.81,0.0,0.0,0.0,1
12.051,-16.67,140.52,3.81,0.0,0.0,0.0,1
12.096,-16.55,140.53,3.81,0.0,0.0,0.0,1
12.17,-16.36,140.54,3.81,0.0,0.0,0.8,1
12.217,-16.2,140.55,3.8,0.0,0.0,1.0,1
12.288,-16.11,140.56,3.8,0.0,0.0,1.0,1
12.356,-15.99,140.57,3.8,0.0,0.0,1.0,1
12.426,-15.94,140.57,3.8,0.0,0.0,1.0,1
12.495,-15.94,140.57,3.8,0.0,0.0,1.0,1
12.542,-15.94,140.57,3.8,0.0,0.0,1.0,1
12.61,-15.94,140.57,3.8,0.0,0.0,1.0,1
12.679,-15.94,140.57,3.8,0.0,0.0,1.0,1
12.747,-15.94,140.57,3.8,0.0,0.0,1.0,1
12.817,-15.94,140.57,3.8,0.0,0.0,0.0,1
12.864,-15.94,140.57,3.8,0.0,0.0,0.0,1
12.912,-15.94,140.57,3.8,0.0,0.0,0.0,1
13.006,-15.94,140.57,3.8,0.0,0.0,0.0,1
13.075,-15.94,140.57,3.8,0.0,0.0,0.0,1
13.121,-15.93,140.57,3.8,0.0,0.0,0.0,1
13.189,-15.93,140.57,3.8,0.0,0.0,0.0,1
13.259,-15.93,140.57,3.8,0.0,0.0,0.0,1
13.326,-15.93,140.57,3.8,0.0,0.0,0.0,1
13.396,-15.93,140.57,3.8,0.0,0.0,0.0,1
13.442,-15.93,140.57,3.8,0.0,0.0,0.0,1
13.512,-15.93,140.57,3.8,0.0,0.0,0.0,1
13.582,-15.93,140.57,3.8,0.0,0.0,0.0,1
13.628,-15.93,140.57,3.8,0.0,0.0,0.0,1
13.698,-15.93,140.57,3.8,0.0,0.0,0.0,1
13.768,-15.93,140.57,3.8,0.0,0.0,0.0,-1
13.815,-15.93,140.57,3.8,0.0,0.0,0.0,-1
13.886,-15.93,140.57,3.8,0.0,0.0,0.0,-1
13.954,-15.93,140.57,3.8,0.0,0.0,0.0,-1
14.001,-15.93,140.57,3.8,0.0,0.0,0.0,-1
14.069,-15.93,140.57,3.8,0.0,0.0,0.0,-1
14.16,-15.93,140.57,3.8,0.0,0.0,0.0,-1
14.21,-15.93,140.57,3.8,0.0,0.0,0.0,-1
14.256,-15.93,140.57,3.8,0.0,0.0,0.0,-1
14.351,-15.93,140.57,3.8,0.0,0.0,0.0,-1
14.398,-15.93,140.57,3.8,0.0,0.0,0.0,-1
14.466,-15.93,140.57,3.8,0.0,0.1,0.0,-1
14.537,-15.93,140.57,3.8,0.0,0.1,0.0,-1
14.608,-15.93,140.57,3.8,0.0,0.2,0.0,-1
14.654,-15.93,140.57,3.8,0.0,0.2,0.0,-1
14.724,-15.93,140.57,3.8,0.0,0.2,0.0,-1
14.795,-15.93,140.57,3.8,0.0,0.2,0.0,-1
14.865,-15.93,140.57,3.8,0.0,0.3,0.0,-1
14.911,-15.93,140.57,3.8,0.0,0.3,0.0,-1
14.978,-15.93,140.57,3.8,0.0,0.3,0.0,-1
15.048,-15.93,140.57,3.8,0.0,0.4,0.0,-1
15.118,-15.93,140.57,3.8,0.0,0.4,0.0,-1
15.164,-15.93,140.57,3.8,0.0,0.4,0.0,-1
15.23,-15.93,140.57,3.8,0.0,0.5,0.0,-1
15.3,-15.93,140.57,3.8,0.0,0.5,0.0,-1
15.369,-15.93,140.57,3.8,0.0,0.5,0.0,-1
15.437,-15.93,140.57,3.8,0.0,0.6,0.0,-1
15.484,-15.93,140.57,3.8,0.0,0.6,0.0,-1
15.554,-15.93,140.57,3.8,0.0,0.6,0.0,-1
15.623,-15.93,140.57,3.79,0.04,0.7,0.0,-1
15.693,-15.93,140.57,3.77,0.08,0.7,0.0,-1
15.74,-15.93,140.57,3.76,0.11,0.7,0.0,-1
15.808,-15.93,140.57,3.75,0.15,0.7,0.0,-1
15.877,-15.93,140.57,3.73,0.2,0.7,0.0,-1
15.945,-15.93,140.57,3.73,0.24,0.7,0.0,-1
16.015,-15.93,140.57,3.71,0.28,0.7,0.0,-1
16.059,-15.93,140.57,3.69,0.31,0.7,0.0,-1
16.127,-15.94,140.57,3.67,0.35,0.7,0.0,-1
16.194,-15.94,140.57,3.62,0.4,0.7,0.0,-1
16.24,-15.95,140.56,3.47,0.44,0.7,0.0,-1
16.335,-15.96,140.56,3.19,0.0,0.7,0.0,-1
16.381,-15.98,140.55,2.79,0.0,0.7,0.0,-1
16.449,-16.0,140.54,2.45,0.0,0.7,0.0,-1
16.516,-16.03,140.52,1.9,0.0,0.7,0.0,-1
16.586,-16.07,140.51,1.34,0.0,0.7,0.0,-1
16.656,-16.1,140.5,0.78,0.0,0.7,0.0,-1
16.7,-16.12,140.49,0.44,0.0,0.7,0.0,-1
16.77,-16.15,140.48,-0.08,0.0,0.7,0.0,-1
16.816,-16.18,140.47,-0.56,0.0,0.7,0.0,-1
16.885,-16.2,140.46,-1.03,0.0,0.7,0.0,-1
16.956,-16.22,140.45,-1.33,0.0,0.7,0.0,-1
17.026,-16.24,140.44,-1.77,0.0,0.7,0.0,-1
17.096,-16.27,140.43,-2.16,0.01,0.7,0.0,-1
17.167,-16.29,140.43,-2.54,0.05,0.7,0.0,-1
17.235,-16.31,140.42,-2.84,0.08,0.7,0.0,-1
17.281,-16.32,140.42,-3.03,0.12,0.7,0.0,-1
17.352,-16.33,140.41,-3.29,0.17,0.7,0.0,-1
17.423,-16.35,140.41,-3.52,0.21,0.7,0.0,-1
17.47,-16.35,140.4,-3.66,0.24,0.7,0.0,-1
17.54,-16.37,140.4,-3.88,0.29,0.7,0.0,-1
17.61,-16.38,140.4,-4.08,0.33,0.7,0.0,-1
17.678,-16.39,140.39,-4.36,0.37,0.7,0.0,-1
17.745,-16.41,140.38,-4.7,0.4,0.7,0.0,-1
17.793,-16.43,140.38,-5.01,0.44,0.7,0.0,-1
17.864,-16.46,140.37,-5.52,0.49,0.7,0.0,-1
17.934,-16.5,140.36,-6.13,0.53,0.7,0.0,-1
17.981,-16.53,140.35,-6.62,0.56,0.7,0.0,-1
18.05,-16.58,140.34,-7.43,0.0,0.7,0.0,-1
18.121,-16.64,140.33,-8.42,0.0,0.7,0.0,-1
18.168,-16.7,140.31,-9.5,0.0,0.7,0.0,-1
18.24,-16.75,140.3,-10.23,0.0,0.7,0.0,-1
18.312,-16.81,140.29,-11.3,0.0,0.7,0.0,-1
18.381,-16.87,140.28,-12.29,0.0,0.7,0.0,-1
18.451,-16.93,140.27,-13.24,0.0,0.7,0.0,-1
18.497,-16.97,140.27,-13.84,0.0,0.7,0.0,-1
18.57,-17.02,140.26,-14.76,0.0,0.7,0.0,-1
18.639,-17.07,140.25,-15.57,0.0,0.7,0.0,-1
18.687,-17.11,140.25,-16.12,0.0,0.7,0.0,-1
18.735,-17.16,140.25,-16.9,0.0,0.7,0.0,-1
18.828,-17.2,140.24,-17.61,0.0,0.7,0.0,-1
18.875,-17.24,140.24,-18.29,0.0,0.7,0.0,-1
18.945,-17.27,140.24,-18.71,0.04,0.7,0.0,-1
18.992,-17.3,140.24,-19.28,0.09,0.7,0.0,-1
19.065,-17.34,140.24,-19.8,0.12,0.7,0.0,-1
19.135,-17.35,140.24,-20.11,0.16,0.7,0.0,-1
19.204,-17.38,140.24,-20.53,0.21,0.7,0.0,-1
19.275,-17.41,140.23,-20.96,0.25,0.7,0.0,-1
19.343,-17.43,140.23,-21.4,0.29,0.7,0.0,-1
19.39,-17.45,140.23,-21.7,0.32,0.7,0.0,-1
19.463,-17.48,140.23,-22.25,0.37,0.7,0.0,-1
19.535,-17.52,140.23,-22.85,0.41,0.7,0.0,-1
19.582,-17.55,140.23,-23.29,0.44,0.7,0.0,-1
19.652,-17.59,140.24,-24.01,0.49,0.7,0.0,-1
19.722,-17.64,140.24,-24.85,0.0,0.7,0.0,-1
19.771,-17.7,140.24,-25.82,0.0,0.7,0.0,-1
19.841,-17.74,140.25,-26.51,0.0,0.7,0.0,-1
19.911,-17.8,140.25,-27.53,0.0,0.7,0.0,-1
19.981,-17.86,140.26,-28.51,0.0,0.7,0.0,-1
20.026,-17.92,140.27,-29.43,0.0,0.7,0.0,-1
20.096,-17.96,140.27,-30.05,0.0,0.7,0.0,-1
20.168,-18.01,140.28,-30.94,0.0,0.7,0.0,-1
20.239,-18.06,140.29,-31.79,0.0,0.7,0.0,-1
20.287,-18.1,140.3,-32.32,0.0,0.7,0.0,-1
20.357,-18.14,140.31,-33.08,0.0,0.7,0.0,-1
20.427,-18.19,140.31,-33.81,0.0,0.7,0.0,-1
20.475,-18.22,140.32,-34.28,0.0,0.7,0.0,-1
20.546,-18.26,140.33,-34.95,0.0,0.7,0.0,-1
20.618,-18.29,140.34,-35.59,0.0,0.7,0.0,-1
20.666,-18.33,140.35,-36.2,0.0,0.7,0.0,-1
20.737,-18.35,140.36,-36.58,0.0,0.7,0.0,-1
20.81,-18.39,140.36,-37.14,0.01,0.7,0.0,-1
20.882,-18.42,140.37,-37.62,0.04,0.7,0.0,-1
20.929,-18.43,140.38,-37.9,0.08,0.7,0.0,-1
20.977,-18.46,140.38,-38.29,0.13,0.7,0.0,-1
21.071,-18.48,140.39,-38.64,0.17,0.7,0.0,-1
21.118,-18.49,140.4,-38.84,0.2,0.0,0.0,-1
21.188,-18.51,140.4,-39.05,0.25,0.0,0.0,-1
21.26,-18.53,140.42,-39.1,0.0,0.0,0.0,-1
21.331,-18.55,140.44,-39.1,0.0,0.0,0.0,-1
21.379,-18.57,140.45,-39.1,0.01,0.0,0.0,-1
21.451,-18.59,140.47,-39.1,0.05,0.0,0.0,-1
21.499,-18.6,140.48,-39.1,0.08,0.0,0.0,-1
21.569,-18.62,140.49,-39.1,0.12,0.0,0.0,-1
21.64,-18.63,140.5,-39.1,0.17,0.0,0.0,-1
21.688,-18.65,140.52,-39.1,0.21,0.0,0.0,-1
21.76,-18.66,140.52,-39.1,0.24,0.0,0.0,-1
21.834,-18.67,140.54,-39.1,0.29,0.0,0.0,-1
21.881,-18.69,140.55,-39.1,0.32,0.0,0.0,-1
21.954,-18.7,140.56,-39.08,0.37,0.0,0.0,-1
22.026,-18.72,140.58,-39.09,0.41,0.0,0.0,-1
22.075,-18.75,140.6,-39.09,0.44,0.0,0.0,-1
22.145,-18.77,140.62,-39.08,0.48,0.0,0.0,-1
22.193,-18.81,140.64,-39.07,0.0,0.0,0.0,-1
22.287,-18.85,140.68,-39.07,0.0,0.0,0.0,-1
22.335,-18.88,140.7,-39.07,0.0,0.0,0.0,-1
22.407,-18.92,140.74,-39.17,0.0,0.1,0.0,-1
22.48,-18.97,140.77,-39.3,0.0,0.1,0.0,-1
22.527,-19.0,140.79,-39.38,0.0,0.1,0.0,-1
22.601,-19.04,140.82,-39.59,0.0,0.2,0.0,-1
22.672,-19.08,140.85,-39.81,0.0,0.2,0.0,-1
22.721,-19.11,140.86,-39.96,0.0,0.2,0.0,-1
22.77,-19.14,140.89,-40.23,0.0,0.3,0.0,-1
22.866,-19.18,140.91,-40.51,0.0,0.3,0.0,-1
22.914,-19.2,140.92,-40.69,0.0,0.3,0.0,-1
22.962,-19.23,140.94,-41.01,0.0,0.4,0.0,-1
23.059,-19.26,140.96,-41.27,0.0,0.0,0.0,-1
23.107,-19.28,140.98,-41.3,0.0,0.0,0.0,-1
23.155,-19.31,141.0,-41.31,0.02,0.0,0.0,-1
23.23,-19.32,141.01,-41.31,0.05,0.0,0.0,-1
23.279,-19.34,141.03,-41.31,0.1,0.0,0.0,-1
23.375,-19.36,141.04,-41.32,0.14,0.0,0.0,-1
23.426,-19.37,141.05,-41.32,0.17,0.0,0.0,-1
23.498,-19.38,141.06,-41.32,0.22,0.0,0.0,-1
23.568,-19.4,141.08,-41.33,0.26,0.0,0.0,-1
23.616,-19.41,141.09,-41.33,0.29,0.0,0.0,-1
23.688,-19.42,141.1,-41.33,0.34,0.0,0.0,-1
23.761,-19.44,141.12,-41.32,0.37,0.0,0.0,-1
23.81,-19.46,141.13,-41.3,0.42,0.0,0.0,-1
23.881,-19.48,141.15,-41.28,0.46,0.0,0.0,-1
23.952,-19.51,141.18,-41.29,0.49,0.0,0.0,-1
24.001,-19.54,141.2,-41.28,0.53,0.0,0.0,-1
24.07,-19.58,141.24,-41.28,0.58,0.0,0.0,-1
24.144,-19.63,141.28,-41.28,0.62,0.0,0.0,-1
24.193,-19.67,141.31,-41.28,0.0,0.0,0.0,-1
24.265,-19.73,141.37,-41.28,0.0,0.0,0.0,-1
24.336,-19.8,141.43,-41.28,0.0,0.0,0.0,-1
24.383,-19.84,141.47,-41.28,0.0,0.0,0.0,-1
24.455,-19.9,141.52,-41.28,0.0,0.0,0.0,-1
24.527,-19.96,141.57,-41.28,0.0,0.0,0.0,-1
24.577,-20.0,141.61,-41.28,0.0,0.0,0.0,-1
24.65,-20.06,141.66,-41.28,0.0,0.0,0.0,-1
24.719,-20.11,141.7,-41.28,0.0,0.0,0.0,-1
24.768,-20.15,141.73,-41.28,0.0,0.0,0.0,-1
24.839,-20.19,141.78,-41.28,0.0,0.0,0.0,-1
24.91,-20.24,141.82,-41.28,0.0,0.0,0.0,-1
24.958,-20.27,141.84,-41.28,0.0,0.0,0.0,-1
25.028,-20.31,141.88,-41.23,0.0,-0.1,0.0,-1
25.101,-20.35,141.91,-41.11,0.0,-0.1,0.0,-1
25.149,-20.37,141.94,-41.03,0.0,-0.1,0.0,-1
25.223,-20.4,141.97,-40.87,0.0,-0.2,0.0,-1
25.273,-20.43,142.0,-40.75,0.0,0.0,0.0,-1
25.345,-20.46,142.02,-40.74,0.0,0.0,0.0,-1
25.417,-20.49,142.05,-40.74,0.0,0.0,0.0,-1
25.487,-20.52,142.08,-40.74,0.0,0.0,0.0,-1
25.534,-20.54,142.09,-40.74,0.0,0.0,0.0,-1
25.606,-20.56,142.12,-40.7,0.0,-0.1,0.0,-1
25.676,-20.59,142.14,-40.63,0.0,-0.1,0.0,-1
25.725,-20.6,142.15,-40.57,0.0,-0.1,0.0,-1
25.794,-20.62,142.17,-40.48,0.0,-0.2,0.0,-1
25.841,-20.64,142.19,-40.35,0.0,-0.2,0.0,-1
25.912,-20.66,142.21,-40.22,0.0,-0.2,0.0,-1
25.984,-20.67,142.23,-40.13,0.0,-0.3,0.0,-1
26.055,-20.69,142.25,-39.97,0.0,-0.3,0.0,-1
26.102,-20.71,142.26,-39.81,0.0,-0.3,0.0,-1
26.173,-20.72,142.27,-39.7,0.0,-0.4,0.0,-1
26.243,-20.73,142.29,-39.51,0.0,-0.4,0.0,-1
26.315,-20.74,142.31,-39.33,0.0,-0.4,0.0,-1
26.386,-20.75,142.32,-39.16,0.02,-0.4,0.0,-1
26.433,-20.76,142.33,-39.05,0.06,-0.5,0.0,-1
26.505,-20.77,142.34,-38.9,0.11,-0.5,0.0,-1
26.576,-20.78,142.35,-38.75,0.15,-0.6,0.0,-1
26.624,-20.78,142.36,-38.64,0.18,-0.6,0.0,-1
26.693,-20.79,142.37,-38.5,0.23,-0.6,0.0,-1
26.764,-20.79,142.38,-38.34,0.27,-0.6,0.0,-1
26.835,-20.8,142.39,-38.16,0.3,-0.7,0.0,-1
26.881,-20.81,142.4,-37.97,0.0,-0.7,0.0,-1
26.953,-20.82,142.42,-37.6,0.0,-0.7,0.0,-1
27.024,-20.83,142.44,-37.2,0.0,-0.7,0.0,-1
27.072,-20.84,142.45,-36.93,0.0,-0.7,0.0,-1
27.142,-20.85,142.47,-36.55,0.0,-0.7,0.0,-1
27.212,-20.86,142.49,-36.18,0.0,-0.7,0.0,-1
27.26,-20.87,142.5,-35.93,0.0,-0.7,0.0,-1
27.332,-20.88,142.52,-35.59,0.0,-0.7,0.0,-1
27.403,-20.89,142.54,-35.26,0.0,-0.7,0.0,-1
27.475,-20.9,142.55,-34.94,0.0,-0.7,0.0,-1
27.523,-20.91,142.56,-34.74,0.0,-0.7,0.0,-1
27.593,-20.92,142.58,-34.46,0.0,-0.7,0.0,-1
27.664,-20.93,142.59,-34.2,0.0,-0.7,0.0,-1
27.716,-20.94,142.6,-34.02,0.0,-0.7,0.0,-1
27.789,-20.94,142.61,-33.78,0.0,-0.7,0.0,-1
27.858,-20.95,142.63,-33.56,0.0,-0.7,0.0,-1
27.906,-20.96,142.63,-33.41,0.0,-0.7,0.0,-1
27.976,-20.96,142.64,-33.21,0.0,-0.7,0.0,-1
28.047,-20.97,142.65,-33.01,0.0,-0.7,0.0,-1
28.095,-20.98,142.66,-32.89,0.0,-0.7,0.0,-1
28.168,-20.98,142.67,-32.71,0.0,-0.7,0.0,-1
28.215,-20.99,142.68,-32.54,0.0,-0.7,0.0,-1
28.287,-20.99,142.68,-32.43,0.0,-0.7,0.0,-1
28.355,-21.0,142.69,-32.28,0.0,-0.7,0.0,-1
28.425,-21.0,142.7,-32.16,0.04,-0.7,0.0,-1
28.495,-21.01,142.7,-32.03,0.08,-0.7,0.0,-1
28.542,-21.01,142.7,-31.96,0.11,-0.7,0.0,-1
28.611,-21.01,142.71,-31.88,0.16,-0.7,0.0,-1
28.66,-21.02,142.71,-31.79,0.2,-0.7,0.0,-1
28.73,-21.02,142.72,-31.71,0.23,-0.7,0.0,-1
28.8,-21.02,142.72,-31.66,0.27,-0.7,0.0,-1
28.871,-21.02,142.72,-31.58,0.32,-0.7,0.0,-1
28.942,-21.03,142.73,-31.46,0.36,-0.7,0.0,-1
28.99,-21.03,142.74,-31.3,0.39,-0.7,0.0,-1
29.061,-21.04,142.75,-31.03,0.44,-0.7,0.0,-1
29.132,-21.06,142.77,-30.66,0.0,-0.7,0.0,-1
29.178,-21.07,142.78,-30.33,0.0,-0.7,0.0,-1
29.251,-21.09,142.81,-29.74,0.0,-0.7,0.0,-1
29.323,-21.12,142.84,-29.13,0.0,-0.7,0.0,-1
29.371,-21.14,142.87,-28.52,0.0,-0.7,0.0,-1
29.444,-21.16,142.89,-28.12,0.0,-0.7,0.0,-1
29.519,-21.18,142.92,-27.54,0.0,-0.7,0.0,-1
29.567,-21.2,142.93,-27.18,0.0,-0.7,0.0,-1
29.638,-21.22,142.96,-26.66,0.0,-0.7,0.0,-1
29.689,-21.24,142.98,-26.16,0.0,-0.7,0.0,-1
29.762,-21.25,142.99,-25.84,0.0,-0.7,0.0,-1
29.834,-21.27,143.01,-25.39,0.0,-0.7,0.0,-1
29.881,-21.29,143.03,-24.99,0.0,-0.7,0.0,-1
29.952,-21.3,143.04,-24.72,0.0,-0.7,0.0,-1
30.021,-21.31,143.06,-24.35,0.0,-0.7,0.0,-1
30.069,-21.33,143.08,-23.99,0.0,-0.7,0.0,-1
30.141,-21.34,143.09,-23.76,0.0,-0.7,0.0,-1
30.21,-21.35,143.1,-23.45,0.0,-0.7,0.0,-1
30.282,-21.37,143.11,-23.14,0.0,-0.7,0.0,-1
30.328,-21.38,143.12,-22.85,0.0,-0.7,0.0,-1
30.401,-21.39,143.13,-22.66,0.0,-0.7,0.0,-1
30.473,-21.4,143.14,-22.4,0.0,-0.7,0.0,-1
30.543,-21.41,143.15,-22.16,0.0,-0.7,0.0,-1
30.59,-21.42,143.16,-22.01,0.01,-0.7,0.0,-1
30.661,-21.43,143.17,-21.8,0.06,-0.7,0.0,-1
30.732,-21.43,143.18,-21.62,0.0,-0.7,0.0,-1
30.778,-21.44,143.18,-21.43,0.0,-0.7,0.0,-1
30.85,-21.45,143.19,-21.3,0.01,-0.7,0.0,-1
30.92,-21.46,143.2,-21.09,0.06,-0.7,0.0,-1
30.99,-21.46,143.21,-20.92,0.0,-0.7,0.0,-1
31.037,-21.47,143.21,-20.8,0.0,-0.7,0.0,-1
31.108,-21.48,143.22,-20.62,0.02,-0.7,0.0,-1
31.18,-21.48,143.22,-20.48,0.06,-0.7,0.0,-1
31.227,-21.49,143.23,-20.38,0.09,-0.7,0.0,-1
31.299,-21.49,143.23,-20.2,0.0,-0.7,0.0,-1
31.369,-21.5,143.24,-20.04,0.0,-0.7,0.0,-1
31.439,-21.51,143.25,-19.87,0.0,-0.7,0.0,-1
31.486,-21.51,143.25,-19.77,0.0,-0.7,0.0,-1
31.557,-21.52,143.26,-19.61,0.0,-0.7,0.0,-1
31.628,-21.53,143.26,-19.47,0.0,-0.7,0.0,-1
31.698,-21.54,143.27,-19.37,0.0,0.0,0.0,-1
31.745,-21.54,143.27,-19.34,0.0,0.0,0.0,-1
31.819,-21.55,143.27,-19.33,0.0,0.0,0.0,-1
31.868,-21.55,143.28,-19.33,0.0,0.0,0.0,-1
31.937,-21.56,143.28,-19.33,0.0,0.0,0.0,-1
31.984,-21.57,143.28,-19.33,0.0,0.0,0.0,-1
32.052,-21.57,143.28,-19.33,0.0,0.0,0.0,-1
32.123,-21.57,143.28,-19.33,0.0,0.0,0.6,-1
32.193,-21.57,143.28,-19.33,0.0,0.0,1.0,-1
32.24,-21.57,143.28,-19.33,0.0,0.0,1.0,-1
32.336,-21.57,143.28,-19.33,0.0,0.0,1.0,-1
32.384,-21.57,143.28,-19.33,0.0,0.0,0.0,-1
32.456,-21.57,143.28,-19.33,0.0,0.0,0.0,-1
32.526,-21.57,143.28,-19.33,0.0,0.0,0.0,-1
32.576,-21.57,143.28,-19.33,0.0,0.0,0.0,-1
32.647,-21.57,143.28,-19.33,0.0,0.0,0.0,-1
32.693,-21.57,143.28,-19.33,0.0,0.0,0.0,-1
32.787,-21.57,143.28,-19.33,0.0,0.0,0.0,-1
32.835,-21.57,143.28,-19.33,0.0,0.0,0.0,-1
32.904,-21.57,143.28,-19.33,0.0,0.0,0.0,-1
32.975,-21.57,143.28,-19.33,0.0,0.0,0.0,-1
33.022,-21.57,143.28,-19.33,0.0,0.0,0.0,-1
33.093,-21.57,143.28,-19.33,0.0,0.0,0.0,-1
33.139,-21.57,143.28,-19.33,0.0,0.0,0.0,-1
33.235,-21.57,143.28,-19.33,0.0,0.0,0.0,-1
33.282,-21.57,143.28,-19.33,0.0,0.0,0.0,-1
33.352,-21.57,143.28,-19.33,0.0,0.0,0.0,-1
33.424,-21.57,143.28,-19.33,0.0,0.0,0.0,1
33.471,-21.57,143.28,-19.33,0.0,0.0,0.0,1
33.543,-21.57,143.28,-19.33,0.0,0.0,0.0,1
33.612,-21.57,143.28,-19.33,0.0,0.1,0.0,1
33.66,-21.57,143.28,-19.33,0.0,0.1,0.0,1
33.729,-21.57,143.28,-19.33,0.0,0.1,0.0,1
33.799,-21.57,143.28,-19.33,0.01,0.2,0.0,1
33.844,-21.57,143.28,-19.33,0.05,0.2,0.0,1
33.915,-21.57,143.28,-19.32,0.08,0.2,0.0,1
33.986,-21.57,143.28,-19.32,0.13,0.3,0.0,1
34.057,-21.57,143.28,-19.3,0.17,0.3,0.0,1
34.128,-21.57,143.28,-19.29,0.21,0.3,0.0,1
34.176,-21.56,143.28,-19.27,0.24,0.4,0.0,1
34.248,-21.56,143.28,-19.23,0.29,0.4,0.0,1
34.321,-21.55,143.28,-19.18,0.32,0.4,0.0,1
34.369,-21.55,143.28,-19.14,0.36,0.4,0.0,1
34.441,-21.54,143.28,-19.06,0.0,0.5,0.0,1
34.512,-21.53,143.28,-18.85,0.0,0.5,0.0,1
34.56,-21.51,143.27,-18.68,0.0,0.5,0.0,1
34.633,-21.49,143.27,-18.35,0.0,0.6,0.0,1
34.703,-21.46,143.27,-18.03,0.0,0.6,0.0,1
34.75,-21.45,143.27,-17.82,0.0,0.6,0.0,1
34.821,-21.43,143.27,-17.49,0.02,0.7,0.0,1
34.891,-21.41,143.28,-17.16,0.06,0.7,0.0,1
34.938,-21.39,143.28,-16.89,0.09,0.7,0.0,1
35.008,-21.38,143.28,-16.73,0.13,0.7,0.0,1
35.08,-21.37,143.28,-16.5,0.18,0.7,0.0,1
35.15,-21.35,143.28,-16.31,0.22,0.7,0.0,1
35.22,-21.34,143.28,-16.11,0.25,0.7,0.0,1
35.267,-21.33,143.28,-15.98,0.3,0.7,0.0,1
35.338,-21.32,143.28,-15.7,0.34,0.7,0.0,1
35.386,-21.31,143.28,-15.51,0.37,0.7,0.0,1
35.456,-21.29,143.29,-15.16,0.0,0.7,0.0,1
35.528,-21.26,143.29,-14.66,0.0,0.7,0.0,1
35.598,-21.22,143.29,-14.12,0.0,0.7,0.0,1
35.644,-21.2,143.3,-13.78,0.0,0.7,0.0,1
35.716,-21.17,143.3,-13.26,0.0,0.7,0.0,1
35.763,-21.14,143.3,-12.76,0.0,0.7,0.0,1
35.834,-21.11,143.31,-12.3,0.0,0.7,0.0,1
35.905,-21.09,143.31,-12.01,0.0,0.7,0.0,1
35.974,-21.07,143.32,-11.59,0.0,0.7,0.0,1
36.044,-21.05,143.32,-11.2,0.0,0.7,0.0,1
36.115,-21.02,143.32,-10.82,0.0,0.7,0.0,1
36.162,-21.01,143.33,-10.59,0.0,0.7,0.0,1
36.233,-20.99,143.33,-10.25,0.0,0.7,0.0,1
36.302,-20.97,143.33,-9.93,0.0,0.7,0.0,1
36.37,-20.95,143.34,-9.68,0.0,0.7,0.0,1
36.417,-20.96,143.34,-9.68,0.0,0.7,0.6,1
36.463,-20.96,143.34,-9.68,0.0,0.7,1.0,1
36.533,-20.95,143.34,-9.68,0.0,0.0,1.0,1
36.626,-20.95,143.34,-9.68,0.0,0.0,1.0,1
36.674,-20.95,143.34,-9.68,0.0,0.0,1.0,1
36.744,-20.95,143.34,-9.68,0.0,0.0,1.0,1
36.816,-20.95,143.34,-9.68,0.0,0.0,1.0,1
36.863,-20.95,143.34,-9.68,0.0,0.0,1.0,1
36.935,-20.95,143.34,-9.68,0.0,0.0,0.0,1
37.006,-20.95,143.34,-9.68,0.0,0.0,0.0,1
37.052,-20.95,143.34,-9.68,0.0,0.0,0.0,1
37.121,-20.95,143.34,-9.68,0.0,0.0,0.0,1
37.191,-20.95,143.34,-9.68,0.0,0.0,0.0,1
37.261,-20.95,143.34,-9.68,0.0,0.0,0.0,1
37.307,-20.95,143.34,-9.68,0.0,0.0,0.0,1
37.376,-20.95,143.34,-9.68,0.0,0.0,0.0,1
37.443,-20.95,143.34,-9.68,0.0,0.0,0.0,-1
37.512,-20.95,143.34,-9.68,0.0,0.0,0.0,-1
37.557,-20.95,143.34,-9.68,0.0,0.0,0.0,-1
37.651,-20.95,143.34,-9.68,0.0,0.0,0.0,-1
37.697,-20.95,143.34,-9.68,0.0,0.0,0.0,-1
37.744,-20.95,143.34,-9.68,0.0,-0.1,0.0,-1
37.84,-20.95,143.34,-9.68,0.0,0.0,0.0,-1
37.887,-20.95,143.34,-9.68,0.0,0.0,0.0,-1
37.956,-20.95,143.34,-9.68,0.0,0.0,0.0,-1
38.026,-20.95,143.34,-9.68,0.0,0.0,0.0,-1
38.097,-20.95,143.34,-9.68,0.0,0.0,0.0,-1
38.143,-20.95,143.34,-9.68,0.0,0.0,0.0,-1
38.213,-20.95,143.34,-9.68,0.0,0.0,0.0,-1
38.284,-20.95,143.34,-9.68,0.0,0.0,0.0,-1
38.352,-20.95,143.34,-9.68,0.0,0.0,0.0,-1
38.398,-20.95,143.34,-9.68,0.0,0.0,0.0,-1
38.466,-20.95,143.34,-9.68,0.0,0.0,0.0,-1
38.537,-20.95,143.34,-9.68,0.0,0.0,0.0,-1
38.606,-20.95,143.34,-9.68,0.0,0.0,0.8,-1
38.674,-20.95,143.34,-9.68,0.0,0.0,1.0,-1
38.723,-20.95,143.34,-9.68,0.0,0.0,1.0,-1
38.77,-20.95,143.34,-9.68,0.0,0.0,1.0,-1
38.862,-20.95,143.34,-9.68,0.0,0.0,1.0,-1
38.907,-20.95,143.34,-9.68,0.0,0.0,0.0,-1
38.975,-20.95,143.34,-9.68,0.0,0.0,0.0,-1
39.043,-20.95,143.34,-9.68,0.0,0.0,0.0,-1
39.11,-20.95,143.34,-9.68,0.0,0.0,0.0,-1
39.157,-20.95,143.34,-9.68,0.0,0.0,0.0,-1
39.248,-20.95,143.34,-9.68,0.0,0.0,0.0,-1
39.294,-20.95,143.34,-9.68,0.0,0.0,0.0,-1
39.363,-20.95,143.34,-9.68,0.0,0.0,0.0,-1
39.432,-20.95,143.34,-9.68,0.0,0.0,0.0,-1
39.503,-20.95,143.34,-9.68,0.0,0.0,0.0,-1
39.551,-20.95,143.34,-9.68,0.0,0.0,0.0,-1
39.62,-20.95,143.34,-9.68,0.0,0.0,0.0,-1
39.691,-20.95,143.34,-9.68,0.0,0.0,0.0,-1
39.761,-20.95,143.34,-9.68,0.0,0.0,0.0,-1
39.807,-20.95,143.34,-9.68,0.0,0.0,0.0,-1
39.876,-20.95,143.34,-9.68,0.0,0.0,0.0,-1
39.945,-20.95,143.34,-9.68,0.0,0.0,0.0,-1
40.015,-20.95,143.34,-9.68,0.0,0.0,0.0,-1
40.061,-20.95,143.34,-9.68,0.0,0.0,0.0,-1
40.129,-20.95,143.34,-9.68,0.0,0.0,0.0,-1
40.198,-20.95,143.34,-9.68,0.0,0.0,0.0,-1
40.269,-20.95,143.34,-9.68,0.0,0.0,0.0,-1
40.336,-20.95,143.34,-9.68,0.0,0.0,0.0,-1
40.385,-20.95,143.34,-9.68,0.0,0.0,0.0,-1
40.454,-20.95,143.34,-9.68,0.0,0.0,0.0,-1
40.524,-20.95,143.34,-9.68,0.0,0.0,0.0,-1
40.572,-20.95,143.34,-9.68,0.0,0.0,0.0,-1
40.64,-20.95,143.34,-9.68,0.0,0.0,0.0,-1
40.707,-20.95,143.34,-9.68,0.0,0.0,0.0,-1
40.777,-20.95,143.34,-9.68,0.0,0.0,0.0,-1
40.847,-20.95,143.34,-9.68,0.0,0.0,0.0,-1
40.894,-20.95,143.34,-9.68,0.0,0.0,0.0,-1
40.965,-20.95,143.34,-9.68,0.0,0.0,0.0,-1
41.035,-20.95,143.34,-9.68,0.0,0.0,0.0,-1
41.083,-20.95,143.34,-9.68,0.0,-0.1,0.0,-1
41.152,-20.95,143.34,-9.68,0.0,-0.1,0.0,-1
41.222,-20.95,143.34,-9.68,0.0,-0.1,0.0,-1
41.294,-20.95,143.34,-9.68,0.0,-0.2,0.0,-1
41.342,-20.95,143.34,-9.67,0.03,-0.2,0.0,-1
41.412,-20.95,143.34,-9.68,0.08,-0.2,0.0,-1
41.483,-20.95,143.34,-9.64,0.12,-0.3,0.0,-1
41.554,-20.95,143.34,-9.65,0.15,-0.3,0.0,-1
41.6,-20.96,143.34,-9.64,0.19,-0.3,0.0,-1
41.671,-20.96,143.34,-9.63,0.24,-0.4,0.0,-1
41.738,-20.96,143.34,-9.63,0.28,-0.4,0.0,-1
41.81,-20.96,143.34,-9.61,0.31,-0.4,0.0,-1
41.857,-20.96,143.34,-9.6,0.35,-0.5,0.0,-1
41.93,-20.96,143.34,-9.58,0.0,-0.5,0.0,-1
41.999,-20.97,143.34,-9.43,0.0,-0.5,0.0,-1
42.045,-20.98,143.35,-9.28,0.0,-0.6,0.0,-1
42.115,-21.0,143.36,-8.97,0.0,-0.6,0.0,-1
42.161,-21.02,143.37,-8.66,0.0,-0.6,0.0,-1
42.255,-21.04,143.38,-8.35,0.0,-0.7,0.0,-1
42.304,-21.05,143.39,-8.12,0.0,-0.7,0.0,-1
42.377,-21.07,143.4,-7.77,0.0,-0.7,0.0,-1
42.448,-21.09,143.41,-7.45,0.0,-0.7,0.0,-1
42.495,-21.1,143.41,-7.25,0.0,-0.7,0.0,-1
42.563,-21.11,143.42,-6.97,0.0,-0.7,0.0,-1
42.634,-21.13,143.43,-6.7,0.0,-0.7,0.0,-1
42.703,-21.14,143.44,-6.44,0.0,-0.7,0.0,-1
42.751,-21.15,143.44,-6.27,0.0,-0.7,0.0,-1
42.821,-21.17,143.45,-6.04,0.0,-0.7,0.0,-1
42.869,-21.18,143.45,-5.81,0.0,-0.7,0.0,-1
42.962,-21.19,143.46,-5.6,0.0,-0.7,0.0,-1
43.009,-21.2,143.46,-5.46,0.0,-0.7,0.0,-1
43.079,-21.21,143.47,-5.27,0.0,-0.7,0.0,-1
43.125,-21.22,143.47,-5.09,0.0,-0.7,0.0,-1
43.219,-21.23,143.48,-4.92,0.0,-0.7,0.0,-1
43.268,-21.23,143.48,-4.8,0.0,-0.7,0.0,-1
43.338,-21.24,143.49,-4.64,0.0,-0.7,0.0,-1
43.407,-21.25,143.49,-4.56,0.0,-0.7,0.0,-1
43.476,-21.25,143.49,-4.53,0.0,-0.7,0.0,-1
43.523,-21.25,143.49,-4.51,0.0,-0.7,0.0,-1
43.594,-21.25,143.49,-4.46,0.0,-0.7,0.0,-1
43.665,-21.25,143.49,-4.42,0.0,-0.7,0.0,-1
43.709,-21.26,143.49,-4.39,0.0,-0.7,0.0,-1
43.783,-21.26,143.49,-4.35,0.0,-0.7,0.0,-1
43.83,-21.26,143.49,-4.31,0.0,-0.7,0.0,-1
43.901,-21.26,143.5,-4.29,0.03,-0.7,0.0,-1
43.971,-21.26,143.5,-4.26,0.08,-0.7,0.0,-1
44.041,-21.26,143.5,-4.22,0.12,-0.7,0.0,-1
44.111,-21.27,143.5,-4.18,0.0,-0.7,0.0,-1
44.157,-21.27,143.5,-4.14,0.0,-0.7,0.0,-1
44.227,-21.27,143.5,-4.06,0.0,-0.7,0.0,-1
44.299,-21.28,143.5,-3.98,0.0,-0.7,0.0,-1
44.347,-21.28,143.5,-3.93,0.0,-0.7,0.0,-1
44.419,-21.29,143.51,-3.84,0.03,-0.7,0.0,-1
44.489,-21.29,143.51,-3.74,0.08,-0.7,0.0,-1
44.56,-21.29,143.51,-3.66,0.12,-0.7,0.0,-1
44.607,-21.3,143.51,-3.6,0.15,-0.7,0.0,-1
44.675,-21.3,143.51,-3.51,0.2,-0.7,0.0,-1
44.746,-21.31,143.52,-3.42,0.24,-0.7,0.0,-1
44.792,-21.31,143.52,-3.32,0.28,-0.7,0.0,-1
44.863,-21.32,143.52,-3.26,0.31,-0.7,0.0,-1
44.933,-21.32,143.52,-3.18,0.36,-0.7,0.0,-1
45.004,-21.33,143.53,-3.03,0.0,-0.7,0.0,-1
45.073,-21.35,143.53,-2.72,0.0,-0.7,0.0,-1
45.121,-21.36,143.54,-2.48,0.0,-0.7,0.0,-1
45.193,-21.38,143.55,-2.1,0.0,-0.7,0.0,-1
45.24,-21.4,143.56,-1.75,0.0,-0.7,0.0,-1
45.332,-21.42,143.57,-1.4,0.0,-0.7,0.0,-1
45.378,-21.43,143.57,-1.19,0.0,-0.7,0.0,-1
45.45,-21.45,143.58,-0.86,0.0,-0.7,0.0,-1
45.519,-21.47,143.59,-0.57,0.0,-0.7,0.0,-1
45.566,-21.48,143.59,-0.38,0.0,-0.7,0.0,-1
45.636,-21.49,143.6,-0.11,0.0,-0.7,0.0,-1
45.683,-21.51,143.6,0.15,0.0,-0.7,0.0,-1
45.753,-21.52,143.61,0.39,0.0,-0.7,0.0,-1
45.843,-21.53,143.61,0.59,0.0,0.0,0.0,-1
45.889,-21.54,143.61,0.66,0.0,0.0,0.0,-1
45.956,-21.56,143.61,0.69,0.0,0.0,0.0,-1
46.027,-21.57,143.61,0.69,0.0,0.0,0.0,-1
46.095,-21.58,143.61,0.69,0.0,0.0,0.0,-1
46.163,-21.59,143.61,0.69,0.0,0.0,0.0,-1
46.21,-21.6,143.61,0.69,0.0,0.0,0.0,-1
46.279,-21.61,143.61,0.69,0.0,0.0,0.0,-1
46.348,-21.62,143.61,0.69,0.0,0.0,0.0,-1
46.394,-21.63,143.61,0.68,0.0,0.1,0.0,-1
46.462,-21.63,143.61,0.68,0.0,0.1,0.0,-1
46.532,-21.63,143.61,0.67,0.0,0.1,0.0,-1
46.603,-21.63,143.61,0.66,0.0,0.2,0.0,-1
46.672,-21.63,143.61,0.65,0.0,0.2,0.0,-1
46.719,-21.64,143.61,0.64,0.0,0.2,0.0,-1
46.787,-21.64,143.61,0.63,0.0,0.3,0.0,-1
46.857,-21.64,143.61,0.62,0.0,0.0,0.0,-1
46.927,-21.64,143.61,0.62,0.0,0.0,0.0,-1
46.975,-21.64,143.61,0.62,0.0,0.0,0.0,-1
47.046,-21.64,143.61,0.62,0.0,0.0,0.0,-1
47.118,-21.64,143.61,0.62,0.0,0.0,0.2,-1
47.188,-21.64,143.61,0.62,0.0,0.0,0.8,-1
47.234,-21.64,143.61,0.62,0.0,0.0,1.0,-1
47.303,-21.64,143.61,0.62,0.0,0.0,1.0,-1
47.349,-21.64,143.61,0.62,0.0,0.0,1.0,-1
47.441,-21.64,143.61,0.62,0.0,0.0,1.0,-1
47.488,-21.64,143.61,0.62,0.0,0.0,1.0,-1
47.557,-21.64,143.61,0.62,0.0,0.0,1.0,-1
47.625,-21.64,143.61,0.62,0.0,0.0,1.0,-1
47.695,-21.64,143.61,0.62,0.0,0.0,1.0,-1
47.742,-21.64,143.61,0.62,0.0,0.0,0.0,-1
47.809,-21.64,143.61,0.62,0.0,0.0,0.0,-1
47.88,-21.64,143.61,0.62,0.0,0.0,0.0,-1
47.947,-21.64,143.61,0.62,0.0,0.0,0.0,-1
48.014,-21.64,143.61,0.62,0.0,0.0,0.0,-1
48.082,-21.64,143.61,0.62,0.0,0.0,0.0,-1
48.128,-21.64,143.61,0.62,0.0,0.0,0.0,-1
48.197,-21.64,143.61,0.62,0.0,0.0,0.0,-1
48.242,-21.64,143.61,0.62,0.0,0.0,0.0,-1
48.337,-21.64,143.61,0.62,0.03,0.0,0.0,-1
48.384,-21.64,143.61,0.62,0.06,0.0,0.0,-1
48.452,-21.64,143.61,0.62,0.11,0.0,0.0,-1
48.521,-21.64,143.61,0.62,0.15,0.0,0.0,-1
48.591,-21.64,143.61,0.62,0.19,0.0,0.0,-1
48.638,-21.64,143.61,0.62,0.22,0.0,0.0,-1
48.708,-21.64,143.61,0.62,0.27,0.0,0.0,-1
48.78,-21.64,143.61,0.62,0.31,0.0,0.0,-1
48.851,-21.65,143.61,0.62,0.34,0.0,0.0,-1
48.896,-21.65,143.61,0.62,0.38,0.0,0.0,-1
48.965,-21.66,143.61,0.6,0.43,0.0,0.0,-1
49.034,-21.68,143.61,0.58,0.47,0.0,0.0,-1
49.105,-21.7,143.61,0.58,0.51,0.0,0.0,-1
49.153,-21.72,143.61,0.6,0.54,0.0,0.0,-1
49.224,-21.76,143.61,0.61,0.59,0.0,0.0,-1
49.295,-21.81,143.61,0.6,0.0,0.0,0.0,-1
49.341,-21.87,143.61,0.61,0.0,0.0,0.0,-1
49.41,-21.91,143.61,0.61,0.0,0.0,0.0,-1
49.482,-21.99,143.6,0.61,0.0,0.0,0.0,-1
49.553,-22.06,143.6,0.61,0.0,0.0,0.0,-1
49.599,-22.1,143.6,0.61,0.0,0.0,0.0,-1
49.671,-22.16,143.6,0.61,0.0,0.0,0.0,-1
49.742,-22.23,143.6,0.61,0.0,0.0,0.0,-1
49.787,-22.28,143.6,0.61,0.0,0.0,0.0,-1
49.857,-22.32,143.6,0.61,0.0,0.0,0.0,-1
49.904,-22.37,143.6,0.61,0.0,0.0,0.0,-1
49.997,-22.4,143.6,0.61,0.0,0.0,0.6,-1
50.043,-22.4,143.6,0.61,0.0,0.0,1.0,-1
50.112,-22.4,143.6,0.61,0.0,0.0,1.0,-1
50.184,-22.4,143.6,0.61,0.0,0.0,1.0,-1
50.252,-22.4,143.6,0.61,0.0,0.0,1.0,-1
50.299,-22.4,143.6,0.61,0.0,0.0,1.0,-1
50.368,-22.4,143.6,0.61,0.0,0.0,1.0,-1
50.437,-22.4,143.6,0.61,0.0,0.0,1.0,-1
50.507,-22.4,143.6,0.61,0.0,0.0,0.0,-1
50.577,-22.4,143.6,0.61,0.0,0.0,0.0,-1
50.623,-22.4,143.6,0.61,0.0,0.0,0.0,-1
50.692,-22.4,143.6,0.61,0.0,0.0,0.0,-1
50.762,-22.4,143.6,0.61,0.0,0.0,0.0,-1
50.833,-22.4,143.6,0.61,0.0,0.0,0.0,-1
50.88,-22.4,143.6,0.61,0.0,0.0,0.0,-1
50.948,-22.4,143.6,0.61,0.0,0.0,0.0,-1
51.016,-22.4,143.6,0.61,0.0,0.0,0.0,-1
51.086,-22.4,143.6,0.61,0.0,0.0,0.0,-1
51.156,-22.4,143.6,0.61,0.0,0.0,0.0,-1
51.204,-22.4,143.6,0.61,0.0,0.0,0.0,-1
51.274,-22.4,143.6,0.61,0.0,0.0,0.0,-1
51.344,-22.4,143.6,0.61,0.0,0.0,0.0,-1
51.392,-22.4,143.6,0.61,0.0,0.0,0.0,-1
51.46,-22.4,143.6,0.61,0.0,0.0,0.0,-1
51.528,-22.4,143.6,0.61,0.0,0.0,0.0,-1
51.596,-22.4,143.6,0.61,0.0,0.0,0.0,-1
51.664,-22.4,143.6,0.61,0.0,0.0,0.0,-1
51.71,-22.4,143.6,0.61,0.0,0.0,0.0,-1
51.779,-22.4,143.6,0.61,0.0,0.0,0.0,-1
51.848,-22.4,143.6,0.61,0.0,0.0,0.0,-1
51.894,-22.4,143.6,0.61,0.0,0.0,0.0,-1
51.985,-22.4,143.6,0.61,0.0,0.0,0.0,-1
52.052,-22.4,143.6,0.61,0.0,0.0,0.0,-1
52.097,-22.4,143.6,0.61,0.0,0.0,0.0,-1
52.169,-22.4,143.6,0.61,0.0,0.0,0.0,-1
52.239,-22.4,143.6,0.61,0.0,0.0,0.0,-1
52.284,-22.4,143.6,0.61,0.0,0.0,0.0,-1
52.356,-22.4,143.6,0.61,0.0,0.0,0.0,-1
52.426,-22.4,143.6,0.61,0.0,0.0,0.0,-1
52.472,-22.4,143.6,0.61,0.0,0.0,0.0,-1
52.542,-22.4,143.6,0.61,0.0,0.0,0.0,-1
52.612,-22.4,143.6,0.61,0.0,0.0,0.0,-1
52.682,-22.4,143.6,0.61,0.0,0.0,0.0,-1
