Time, x, y, angle, throttle, steer, brake, gear 
0.0,-25.0,139.0,0.0,0.0,0.0,0.0,1
0.07,-25.0,139.0,0.0,0.0,0.0,0.0,1
0.14,-25.0,139.0,0.0,0.0,0.0,0.0,1
0.187,-25.0,139.0,0.0,0.0,0.0,0.0,1
0.255,-25.0,139.0,0.0,0.0,0.0,0.0,1
0.327,-25.0,139.0,0.0,0.0,0.0,0.0,1
0.38,-25.0,139.0,0.0,0.0,0.0,0.0,1
0.453,-25.0,139.0,0.0,0.0,0.0,0.0,1
0.524,-25.0,139.0,0.0,0.0,0.0,0.0,1
0.569,-25.0,139.0,0.0,0.0,0.0,0.0,1
0.64,-25.0,139.0,0.0,0.0,0.0,0.0,1
0.717,-25.0,139.0,0.0,0.0,0.0,0.0,1
0.762,-25.0,139.0,0.0,0.0,0.0,0.0,1
0.835,-25.0,139.0,0.0,0.0,0.0,0.0,1
0.909,-25.0,139.0,0.0,0.0,0.0,0.0,1
0.955,-25.0,139.0,0.0,0.0,0.0,0.0,1
1.026,-25.0,139.0,0.0,0.0,0.0,0.0,1
1.073,-25.0,139.0,0.0,0.0,0.0,0.0,1
1.164,-25.0,139.0,0.0,0.0,0.0,0.0,1
1.211,-25.0,139.0,0.0,0.0,0.0,0.0,1
1.28,-25.0,139.0,0.0,0.0,0.0,0.0,1
1.354,-25.0,139.0,0.0,0.0,0.0,0.0,1
1.422,-25.0,139.0,0.0,0.0,0.0,0.0,1
1.467,-25.0,139.0,0.0,0.0,0.1,0.0,1
1.536,-25.0,139.0,0.0,0.0,0.1,0.0,1
1.608,-25.0,139.0,0.0,0.0,0.1,0.0,1
1.677,-25.0,139.0,0.0,0.0,0.2,0.0,1
1.724,-25.0,139.0,0.0,0.0,0.2,0.0,1
1.792,-25.0,139.0,0.0,0.0,0.2,0.0,1
1.84,-25.0,139.0,0.0,0.04,0.3,0.0,1
1.936,-25.0,139.0,0.0,0.07,0.3,0.0,1
1.983,-25.0,139.0,0.0,0.11,0.3,0.0,1
2.054,-25.0,139.0,0.0,0.16,0.4,0.0,1
2.1,-25.0,139.0,0.0,0.2,0.4,0.0,1
2.171,-25.0,139.0,0.0,0.23,0.4,0.0,1
2.242,-25.0,139.0,0.0,0.27,0.4,0.0,1
2.313,-25.0,139.0,0.0,0.32,0.5,0.0,1
2.382,-25.0,139.0,0.0,0.36,0.5,0.0,1
2.428,-25.0,139.0,0.0,0.39,0.5,0.0,1
2.497,-25.0,139.0,0.0,0.43,0.6,0.0,1
2.544,-25.0,139.0,0.0,0.48,0.6,0.0,1
2.64,-25.0,139.0,0.0,0.52,0.6,0.0,1
2.689,-25.0,139.0,0.0,0.55,0.7,0.0,1
2.759,-25.0,139.0,0.0,0.6,0.7,0.0,1
2.805,-25.0,139.0,0.0,0.64,0.7,0.0,1
2.898,-25.0,139.0,0.0,0.67,0.7,0.0,1
2.945,-25.0,139.0,0.02,0.0,0.7,0.0,1
3.012,-24.97,139.01,0.59,0.0,0.7,0.0,1
3.057,-24.91,139.04,1.54,0.0,0.7,0.0,1
3.149,-24.85,139.06,2.62,0.0,0.7,0.0,1
3.196,-24.81,139.08,3.35,0.0,0.7,0.0,1
3.265,-24.75,139.11,4.4,0.0,0.7,0.0,1
3.336,-24.69,139.14,5.44,0.0,0.7,0.0,1
3.407,-24.64,139.16,6.42,0.0,0.7,0.0,1
3.455,-24.6,139.18,7.05,0.0,0.7,0.0,1
3.524,-24.56,139.21,7.92,0.0,0.7,0.0,1
3.594,-24.51,139.23,8.75,0.0,0.7,0.0,1
3.664,-24.47,139.26,9.45,0.0,0.0,0.0,1
3.711,-24.44,139.27,9.71,0.0,0.0,0.0,1
3.782,-24.4,139.28,9.84,0.04,0.0,0.0,1
3.849,-24.36,139.28,9.84,0.08,0.0,0.0,1
3.897,-24.34,139.29,9.84,0.11,0.0,0.0,1
3.965,-24.31,139.29,9.84,0.15,0.0,0.0,1
4.033,-24.28,139.3,9.83,0.2,0.0,0.0,1
4.103,-24.25,139.3,9.83,0.24,0.0,0.0,1
4.148,-24.22,139.31,9.82,0.28,0.0,0.0,1
4.217,-24.2,139.31,9.84,0.32,0.0,0.0,1
4.286,-24.18,139.32,9.84,0.35,0.0,0.0,1
4.355,-24.14,139.32,9.85,0.4,0.0,0.0,1
4.401,-24.11,139.33,9.85,0.44,0.0,0.0,1
4.494,-24.07,139.34,9.91,0.48,0.1,0.0,1
4.541,-24.04,139.34,9.98,0.51,0.1,0.0,1
4.611,-23.98,139.36,10.12,0.56,0.1,0.0,1
4.68,-23.92,139.37,10.38,0.6,0.2,0.0,1
4.75,-23.84,139.4,10.75,0.64,0.2,0.0,1
4.796,-23.79,139.41,11.03,0.67,0.2,0.0,1
4.865,-23.69,139.44,11.56,0.72,0.3,0.0,1
4.912,-23.59,139.48,12.18,0.76,0.0,0.0,1
4.981,-23.47,139.51,12.3,0.8,0.0,0.0,1
5.071,-23.34,139.54,12.31,0.84,0.0,0.0,1
5.118,-23.24,139.56,12.31,0.87,0.0,0.0,1
5.188,-23.07,139.59,12.32,0.92,0.0,0.0,1
5.257,-22.89,139.63,12.32,0.96,0.0,0.0,1
5.323,-22.69,139.68,12.32,1.0,0.0,0.0,1
5.391,-22.45,139.73,12.32,0.0,0.0,0.0,1
5.439,-22.27,139.77,12.32,0.0,0.0,0.0,1
5.507,-22.01,139.83,12.32,0.0,0.0,0.0,1
5.576,-21.75,139.88,12.32,0.0,0.0,0.0,1
5.621,-21.49,139.94,12.32,0.0,0.0,0.0,1
5.691,-21.33,139.97,12.32,0.0,0.0,0.0,1
5.762,-21.1,140.03,12.32,0.0,0.0,0.0,1
5.829,-20.88,140.07,12.29,0.0,-0.1,0.0,1
5.876,-20.67,140.11,11.9,0.0,-0.1,0.0,1
5.968,-20.48,140.14,11.47,0.0,-0.1,0.0,1
6.015,-20.36,140.16,11.18,0.0,-0.1,0.0,1
6.087,-20.17,140.18,10.52,0.0,-0.2,0.0,1
6.155,-20.01,140.19,9.79,0.0,-0.2,0.0,1
6.224,-19.85,140.2,9.09,0.0,-0.2,0.0,1
6.271,-19.75,140.21,8.84,0.0,0.0,0.0,1
6.339,-19.61,140.23,8.82,0.0,0.0,0.0,1
6.407,-19.48,140.25,8.81,0.0,0.0,0.0,1
6.476,-19.36,140.27,8.81,0.0,0.0,0.0,1
6.522,-19.24,140.29,8.81,0.0,0.0,0.0,1
6.591,-19.16,140.3,8.81,0.0,0.0,0.0,1
6.659,-19.06,140.32,8.8,0.0,-0.1,0.0,1
6.729,-18.96,140.33,8.59,0.0,-0.1,0.0,1
6.798,-18.86,140.34,8.36,0.0,-0.1,0.0,1
6.846,-18.8,140.34,8.2,0.0,-0.2,0.0,1
6.915,-18.71,140.35,7.82,0.0,-0.2,0.0,1
6.961,-18.63,140.35,7.45,0.0,-0.2,0.0,1
7.051,-18.56,140.35,7.1,0.0,-0.3,0.0,1
7.122,-18.48,140.35,6.62,0.0,-0.3,0.0,1
7.168,-18.44,140.35,6.32,0.0,-0.3,0.0,1
7.237,-18.38,140.35,5.87,0.0,-0.4,0.0,1
7.306,-18.32,140.34,5.35,0.02,0.0,0.0,1
7.375,-18.27,140.34,5.11,0.06,0.0,0.0,1
7.421,-18.23,140.34,5.09,0.09,0.0,0.0,1
7.489,-18.19,140.34,5.08,0.13,0.0,0.0,1
7.557,-18.15,140.35,5.08,0.18,0.0,0.0,1
7.625,-18.12,140.35,5.08,0.22,0.0,0.0,1
7.696,-18.08,140.35,5.08,0.25,0.0,0.0,1
7.742,-18.06,140.36,5.08,0.29,0.0,0.0,1
7.813,-18.02,140.36,5.08,0.34,0.0,0.0,1
7.882,-17.98,140.36,5.08,0.38,0.0,0.0,1
7.951,-17.94,140.37,5.08,0.0,0.0,0.0,1
7.997,-17.91,140.37,5.08,0.0,0.0,0.0,1
8.068,-17.85,140.38,5.08,0.0,0.0,0.0,1
8.113,-17.8,140.38,5.08,0.0,0.0,0.0,1
8.206,-17.75,140.38,5.08,0.0,0.0,0.0,1
8.275,-17.7,140.39,5.08,0.0,0.0,0.0,1
8.321,-17.67,140.39,5.08,0.0,0.0,0.0,1
8.391,-17.62,140.4,5.08,0.0,0.0,0.0,1
8.463,-17.58,140.4,5.08,0.03,0.0,0.0,1
8.532,-17.55,140.4,5.07,0.06,0.0,0.0,1
8.578,-17.53,140.4,5.07,0.1,0.0,0.0,1
8.624,-17.5,140.41,5.06,0.15,0.0,0.0,1
8.716,-17.47,140.41,5.06,0.19,0.0,0.0,1
8.784,-17.45,140.41,5.05,0.22,0.0,0.0,1
8.83,-17.43,140.41,5.05,0.26,0.0,0.0,1
8.877,-17.41,140.41,5.06,0.31,0.0,0.0,1
8.947,-17.39,140.42,5.06,0.35,0.0,0.0,1
9.039,-17.36,140.42,5.07,0.38,0.0,0.0,1
9.086,-17.34,140.42,5.07,0.42,0.0,0.0,1
9.156,-17.3,140.42,5.04,0.47,0.0,0.0,1
9.226,-17.25,140.43,5.01,0.51,0.0,0.0,1
9.296,-17.2,140.43,4.98,0.54,0.0,0.0,1
9.344,-17.16,140.44,4.98,0.58,0.0,0.0,1
9.415,-17.09,140.44,4.98,0.0,0.0,0.0,1
9.484,-17.01,140.45,4.98,0.0,0.0,0.0,1
9.552,-16.93,140.46,4.99,0.0,0.0,0.0,1
9.598,-16.87,140.46,4.92,0.0,-0.1,0.0,1
9.668,-16.79,140.46,4.73,0.0,-0.1,0.0,1
9.738,-16.72,140.46,4.56,0.0,-0.1,0.0,1
9.807,-16.65,140.47,4.33,0.0,-0.2,0.0,1
9.854,-16.6,140.46,4.12,0.0,-0.2,0.0,1
9.923,-16.54,140.46,3.83,0.0,-0.2,0.0,1
9.993,-16.48,140.46,3.5,0.0,-0.3,0.0,1
10.063,-16.42,140.46,3.21,0.0,0.0,0.0,1
10.11,-16.38,140.46,3.2,0.0,0.0,0.0,1
10.18,-16.33,140.46,3.2,0.0,0.0,0.0,1
10.25,-16.28,140.46,3.2,0.0,0.0,0.0,1
10.321,-16.24,140.47,3.2,0.0,0.0,0.0,1
10.368,-16.21,140.47,3.2,0.0,0.0,0.0,1
10.439,-16.17,140.47,3.2,0.0,0.0,0.0,1
10.508,-16.13,140.47,3.19,0.0,-0.1,0.0,1
10.556,-16.09,140.47,3.11,0.0,-0.1,0.0,1
10.627,-16.07,140.47,3.05,0.0,-0.1,0.0,1
10.697,-16.03,140.47,2.97,0.0,-0.2,0.0,1
10.766,-16.0,140.47,2.83,0.0,-0.2,0.0,1
10.813,-15.98,140.47,2.74,0.0,-0.2,0.0,1
10.882,-15.95,140.47,2.61,0.0,-0.2,0.0,1
10.954,-15.93,140.46,2.44,0.0,-0.3,0.0,1
11.021,-15.9,140.46,2.27,0.0,-0.3,0.0,1
11.092,-15.88,140.46,2.13,0.0,-0.3,0.0,1
11.138,-15.87,140.46,2.1,0.0,0.0,0.0,1
11.185,-15.85,140.46,2.1,0.0,0.0,0.0,1
11.277,-15.83,140.46,2.1,0.0,0.0,0.0,1
11.323,-15.82,140.46,2.1,0.0,0.0,0.6,1
11.396,-15.82,140.46,2.1,0.0,0.0,1.0,1
11.465,-15.82,140.46,2.1,0.0,0.0,1.0,1
11.534,-15.82,140.46,2.1,0.0,0.0,0.0,1
11.581,-15.82,140.46,2.1,0.0,0.0,0.0,1
11.65,-15.82,140.46,2.1,0.0,0.0,0.0,1
11.72,-15.82,140.46,2.1,0.0,0.0,0.0,1
11.79,-15.82,140.46,2.1,0.0,0.0,0.0,1
11.837,-15.82,140.46,2.1,0.0,0.0,0.0,1
11.905,-15.82,140.46,2.1,0.0,0.0,0.0,1
11.952,-15.82,140.46,2.1,0.0,0.0,0.0,1
12.045,-15.82,140.46,2.1,0.0,0.0,0.0,1
12.09,-15.82,140.46,2.1,0.0,0.0,0.0,1
12.16,-15.82,140.46,2.1,0.0,0.0,0.0,-1
12.232,-15.82,140.46,2.1,0.0,0.0,0.0,-1
12.302,-15.82,140.46,2.1,0.0,0.0,0.0,-1
12.349,-15.82,140.46,2.1,0.0,0.1,0.0,-1
12.421,-15.82,140.46,2.1,0.0,0.1,0.0,-1
12.49,-15.82,140.46,2.1,0.0,0.1,0.0,-1
12.559,-15.82,140.46,2.1,0.0,0.2,0.0,-1
12.605,-15.82,140.46,2.1,0.0,0.2,0.0,-1
12.678,-15.82,140.46,2.1,0.0,0.2,0.0,-1
12.749,-15.82,140.46,2.1,0.0,0.3,0.0,-1
12.797,-15.82,140.46,2.1,0.03,0.3,0.0,-1
12.867,-15.82,140.46,2.1,0.08,0.3,0.0,-1
12.935,-15.82,140.46,2.08,0.12,0.4,0.0,-1
13.005,-15.82,140.46,2.08,0.16,0.4,0.0,-1
13.051,-15.82,140.46,2.06,0.19,0.4,0.0,-1
13.119,-15.82,140.46,2.05,0.23,0.4,0.0,-1
13.191,-15.82,140.46,2.02,0.28,0.5,0.0,-1
13.259,-15.83,140.46,1.97,0.32,0.5,0.0,-1
13.305,-15.83,140.46,1.93,0.35,0.5,0.0,-1
13.377,-15.83,140.46,1.9,0.39,0.6,0.0,-1
13.45,-15.84,140.45,1.8,0.44,0.6,0.0,-1
13.523,-15.86,140.45,1.54,0.47,0.6,0.0,-1
13.569,-15.87,140.44,1.3,0.51,0.7,0.0,-1
13.64,-15.9,140.43,0.82,0.56,0.7,0.0,-1
13.71,-15.94,140.42,0.19,0.0,0.7,0.0,-1
13.757,-15.97,140.4,-0.31,0.0,0.7,0.0,-1
13.825,-16.01,140.39,-1.11,0.0,0.7,0.0,-1
13.895,-16.06,140.37,-1.94,0.0,0.7,0.0,-1
13.942,-16.11,140.35,-2.75,0.0,0.7,0.0,-1
14.012,-16.14,140.34,-3.27,0.0,0.7,0.0,-1
14.081,-16.18,140.33,-4.01,0.0,0.7,0.0,-1
14.155,-16.23,140.32,-4.76,0.0,0.7,0.0,-1
14.204,-16.26,140.31,-5.24,0.0,0.7,0.0,-1
14.278,-16.3,140.3,-5.93,0.0,0.7,0.0,-1
14.349,-16.33,140.29,-6.56,0.0,0.7,0.0,-1
14.397,-16.36,140.28,-6.95,0.02,0.7,0.0,-1
14.47,-16.39,140.27,-7.48,0.07,0.7,0.0,-1
14.515,-16.42,140.26,-7.92,0.11,0.7,0.0,-1
14.585,-16.43,140.26,-8.19,0.14,0.7,0.0,-1
14.656,-16.46,140.25,-8.58,0.18,0.7,0.0,-1
14.703,-16.48,140.25,-8.94,0.23,0.7,0.0,-1
14.772,-16.5,140.24,-9.3,0.27,0.7,0.0,-1
14.845,-16.51,140.24,-9.56,0.3,0.7,0.0,-1
14.914,-16.54,140.24,-9.96,0.35,0.7,0.0,-1
14.984,-16.57,140.23,-10.41,0.39,0.7,0.0,-1
15.055,-16.6,140.22,-10.98,0.42,0.7,0.0,-1
15.104,-16.63,140.22,-11.42,0.46,0.7,0.0,-1
15.176,-16.67,140.21,-12.12,0.0,0.7,0.0,-1
15.248,-16.72,140.2,-12.96,0.0,0.7,0.0,-1
15.297,-16.76,140.2,-13.59,0.0,0.7,0.0,-1
15.367,-16.82,140.19,-14.52,0.0,0.7,0.0,-1
15.413,-16.87,140.18,-15.43,0.0,0.7,0.0,-1
15.482,-16.93,140.18,-16.3,0.0,0.7,0.0,-1
15.552,-16.96,140.18,-16.87,0.0,0.7,0.0,-1
15.625,-17.01,140.17,-17.71,0.0,0.7,0.0,-1
15.697,-17.06,140.17,-18.51,0.0,0.7,0.0,-1
15.746,-17.1,140.17,-19.03,0.0,0.7,0.0,-1
15.818,-17.14,140.17,-19.76,0.0,0.7,0.0,-1
15.886,-17.18,140.17,-20.41,0.0,0.7,0.0,-1
15.934,-17.21,140.17,-20.84,0.0,0.7,0.0,-1
16.006,-17.25,140.17,-21.47,0.0,0.7,0.0,-1
16.078,-17.28,140.17,-22.07,0.0,0.7,0.0,-1
16.126,-17.31,140.17,-22.45,0.0,0.7,0.0,-1
16.2,-17.34,140.17,-23.01,0.0,0.7,0.0,-1
16.271,-17.37,140.17,-23.52,0.0,0.7,0.0,-1
16.318,-17.39,140.17,-23.84,0.0,0.7,0.0,-1
16.365,-17.42,140.17,-24.32,0.0,0.7,0.0,-1
16.464,-17.45,140.17,-24.77,0.0,0.7,0.0,-1
16.512,-17.47,140.17,-25.06,0.0,0.7,0.0,-1
16.584,-17.49,140.17,-25.46,0.02,0.7,0.0,-1
16.657,-17.51,140.18,-25.81,0.05,0.7,0.0,-1
16.705,-17.53,140.18,-26.01,0.1,0.7,0.0,-1
16.776,-17.54,140.18,-26.27,0.14,0.7,0.0,-1
16.848,-17.56,140.18,-26.51,0.17,0.7,0.0,-1
16.896,-17.57,140.18,-26.63,0.21,0.0,0.0,-1
16.968,-17.58,140.18,-26.74,0.26,0.0,0.0,-1
17.04,-17.59,140.19,-26.74,0.29,0.0,0.0,-1
17.088,-17.6,140.2,-26.75,0.33,0.0,0.0,-1
17.136,-17.62,140.21,-26.76,0.38,0.0,0.0,-1
17.231,-17.64,140.22,-26.77,0.42,0.0,0.0,-1
17.28,-17.66,140.22,-26.79,0.45,0.0,0.0,-1
17.353,-17.69,140.24,-26.79,0.0,0.0,0.0,-1
17.402,-17.72,140.25,-26.79,0.0,0.0,0.0,-1
17.473,-17.76,140.27,-26.79,0.0,0.0,0.0,-1
17.545,-17.8,140.3,-26.79,0.0,0.0,0.0,-1
17.615,-17.84,140.31,-26.87,0.0,0.1,0.0,-1
17.664,-17.87,140.33,-26.94,0.0,0.1,0.0,-1
17.738,-17.91,140.35,-27.05,0.0,0.1,0.0,-1
17.808,-17.95,140.36,-27.21,0.0,0.2,0.0,-1
17.856,-17.97,140.37,-27.33,0.0,0.2,0.0,-1
17.928,-18.01,140.38,-27.5,0.0,0.2,0.0,-1
17.999,-18.04,140.4,-27.69,0.0,0.3,0.0,-1
18.049,-18.06,140.4,-27.85,0.0,0.3,0.0,-1
18.121,-18.09,140.41,-28.07,0.0,0.3,0.0,-1
18.169,-18.12,140.42,-28.27,0.03,0.4,0.0,-1
18.239,-18.13,140.43,-28.41,0.07,0.4,0.0,-1
18.313,-18.15,140.43,-28.62,0.12,0.4,0.0,-1
18.361,-18.17,140.44,-28.8,0.15,0.5,0.0,-1
18.432,-18.18,140.44,-28.92,0.19,0.5,0.0,-1
18.506,-18.2,140.44,-29.11,0.24,0.5,0.0,-1
18.579,-18.21,140.45,-29.29,0.27,0.6,0.0,-1
18.627,-18.22,140.45,-29.43,0.32,0.6,0.0,-1
18.697,-18.24,140.45,-29.69,0.36,0.6,0.0,-1
18.744,-18.25,140.46,-29.89,0.39,0.6,0.0,-1
18.817,-18.28,140.46,-30.32,0.43,0.7,0.0,-1
18.89,-18.31,140.47,-30.86,0.48,0.7,0.0,-1
18.94,-18.34,140.47,-31.3,0.51,0.7,0.0,-1
19.015,-18.39,140.48,-32.07,0.0,0.7,0.0,-1
19.089,-18.44,140.49,-33.0,0.0,0.7,0.0,-1
19.137,-18.48,140.5,-33.65,0.0,0.7,0.0,-1
19.211,-18.54,140.51,-34.65,0.0,0.7,0.0,-1
19.283,-18.6,140.53,-35.6,0.0,0.7,0.0,-1
19.331,-18.64,140.54,-36.22,0.0,0.7,0.0,-1
19.404,-18.69,140.55,-37.11,0.0,0.7,0.0,-1
19.451,-18.74,140.57,-37.92,0.0,0.7,0.0,-1
19.524,-18.77,140.58,-38.49,0.0,0.7,0.0,-1
19.596,-18.82,140.59,-39.19,0.03,0.0,0.0,-1
19.644,-18.84,140.6,-39.46,0.06,0.0,0.0,-1
19.719,-18.88,140.62,-39.6,0.11,0.0,0.0,-1
19.767,-18.9,140.65,-39.61,0.15,0.0,0.0,-1
19.838,-18.92,140.66,-39.61,0.18,0.0,0.0,-1
19.888,-18.94,140.68,-39.61,0.23,0.0,0.0,-1
19.961,-18.96,140.69,-39.61,0.26,0.0,0.0,-1
20.036,-18.98,140.71,-39.61,0.31,0.0,0.0,-1
20.111,-19.01,140.73,-39.63,0.35,0.0,0.0,-1
20.16,-19.03,140.75,-39.63,0.38,0.0,0.0,-1
20.233,-19.06,140.77,-39.63,0.43,0.0,0.0,-1
20.281,-19.09,140.8,-39.63,0.46,0.0,0.0,-1
20.353,-19.12,140.83,-39.63,0.5,0.0,0.0,-1
20.425,-19.17,140.86,-39.64,0.55,0.0,0.0,-1
20.499,-19.22,140.91,-39.65,0.58,0.0,0.0,-1
20.547,-19.26,140.94,-39.65,0.63,0.0,0.0,-1
20.621,-19.33,141.0,-39.65,0.0,0.0,0.0,-1
20.669,-19.39,141.05,-39.65,0.0,0.0,0.0,-1
20.717,-19.47,141.11,-39.65,0.0,0.0,0.0,-1
20.816,-19.55,141.18,-39.81,0.0,0.1,0.0,-1
20.866,-19.6,141.22,-39.97,0.0,0.1,0.0,-1
20.941,-19.68,141.27,-40.2,0.0,0.1,0.0,-1
20.991,-19.73,141.31,-40.42,0.0,0.2,0.0,-1
21.041,-19.8,141.36,-40.82,0.0,0.2,0.0,-1
21.136,-19.87,141.41,-41.16,0.0,0.2,0.0,-1
21.186,-19.91,141.44,-41.18,0.0,0.0,0.0,-1
21.259,-19.97,141.49,-41.18,0.0,0.0,0.0,-1
21.307,-20.0,141.52,-41.18,0.0,0.0,0.0,-1
21.379,-20.05,141.57,-41.18,0.0,0.0,0.0,-1
21.425,-20.1,141.61,-41.18,0.0,0.0,0.0,-1
21.522,-20.14,141.65,-41.18,0.0,0.0,0.0,-1
21.569,-20.17,141.67,-41.18,0.0,0.0,0.0,-1
21.616,-20.21,141.71,-41.18,0.0,0.0,0.0,-1
21.689,-20.25,141.74,-41.18,0.0,0.0,0.0,-1
21.76,-20.28,141.77,-41.18,0.0,0.0,0.0,-1
21.833,-20.31,141.8,-41.18,0.0,0.0,0.0,-1
21.905,-20.35,141.83,-41.18,0.0,0.0,0.0,-1
21.953,-20.37,141.85,-41.18,0.0,0.0,0.0,-1
22.025,-20.4,141.87,-41.18,0.0,0.0,0.0,-1
22.073,-20.42,141.89,-41.18,0.0,0.0,0.0,-1
22.148,-20.45,141.92,-41.17,0.0,-0.1,0.0,-1
22.196,-20.48,141.94,-41.09,0.0,-0.1,0.0,-1
22.269,-20.49,141.96,-41.04,0.0,-0.1,0.0,-1
22.34,-20.51,141.98,-40.95,0.0,-0.2,0.0,-1
22.387,-20.53,142.0,-40.82,0.0,-0.2,0.0,-1
22.483,-20.55,142.02,-40.68,0.0,-0.2,0.0,-1
22.53,-20.57,142.03,-40.59,0.0,-0.3,0.0,-1
22.605,-20.58,142.06,-40.41,0.0,-0.3,0.0,-1
22.653,-20.6,142.07,-40.29,0.0,-0.3,0.0,-1
22.723,-20.61,142.09,-40.13,0.0,-0.4,0.0,-1
22.77,-20.62,142.1,-39.93,0.0,-0.4,0.0,-1
22.842,-20.64,142.12,-39.74,0.0,-0.4,0.0,-1
22.913,-20.65,142.13,-39.62,0.0,-0.4,0.0,-1
22.985,-20.66,142.15,-39.41,0.0,-0.5,0.0,-1
23.031,-20.67,142.16,-39.21,0.0,-0.5,0.0,-1
23.106,-20.67,142.17,-39.07,0.0,-0.5,0.0,-1
23.179,-20.68,142.18,-38.87,0.04,-0.6,0.0,-1
23.251,-20.69,142.19,-38.68,0.07,-0.6,0.0,-1
23.299,-20.7,142.2,-38.57,0.12,-0.6,0.0,-1
23.37,-20.7,142.21,-38.4,0.16,-0.7,0.0,-1
23.443,-20.71,142.22,-38.24,0.19,-0.7,0.0,-1
23.493,-20.71,142.23,-38.13,0.24,-0.7,0.0,-1
23.54,-20.72,142.23,-37.97,0.28,-0.7,0.0,-1
23.635,-20.72,142.24,-37.8,0.31,-0.7,0.0,-1
23.684,-20.72,142.25,-37.67,0.0,-0.7,0.0,-1
23.756,-20.73,142.27,-37.36,0.0,-0.7,0.0,-1
23.804,-20.74,142.28,-37.1,0.0,-0.7,0.0,-1
23.876,-20.76,142.3,-36.67,0.0,-0.7,0.0,-1
23.949,-20.77,142.33,-36.23,0.0,-0.7,0.0,-1
23.997,-20.78,142.34,-35.94,0.0,-0.7,0.0,-1
24.071,-20.79,142.36,-35.52,0.0,-0.7,0.0,-1
24.144,-20.81,142.38,-35.13,0.0,-0.7,0.0,-1
24.19,-20.82,142.39,-34.88,0.0,-0.7,0.0,-1
24.239,-20.83,142.41,-34.52,0.0,-0.7,0.0,-1
24.335,-20.84,142.43,-34.18,0.0,-0.7,0.0,-1
24.383,-20.85,142.44,-33.97,0.0,-0.7,0.0,-1
24.456,-20.86,142.46,-33.65,0.0,-0.7,0.0,-1
24.528,-20.87,142.47,-33.36,0.0,-0.7,0.0,-1
24.576,-20.88,142.48,-33.17,0.0,-0.7,0.0,-1
24.648,-20.88,142.49,-32.92,0.05,-0.7,0.0,-1
24.72,-20.89,142.5,-32.71,0.08,-0.7,0.0,-1
24.768,-20.9,142.51,-32.59,0.12,-0.7,0.0,-1
24.84,-20.9,142.52,-32.43,0.17,-0.7,0.0,-1
24.888,-20.91,142.53,-32.29,0.2,-0.7,0.0,-1
24.96,-20.91,142.53,-32.2,0.24,-0.7,0.0,-1
25.032,-20.92,142.54,-32.08,0.29,-0.7,0.0,-1
25.105,-20.92,142.54,-31.91,0.32,-0.7,0.0,-1
25.152,-20.93,142.55,-31.77,0.36,-0.7,0.0,-1
25.225,-20.94,142.56,-31.47,0.41,-0.7,0.0,-1
25.274,-20.95,142.58,-31.08,0.44,-0.7,0.0,-1
25.347,-20.96,142.6,-30.75,0.49,-0.7,0.0,-1
25.42,-20.98,142.63,-30.17,0.53,-0.7,0.0,-1
25.467,-21.01,142.66,-29.47,0.0,-0.7,0.0,-1
25.538,-21.03,142.69,-28.92,0.0,-0.7,0.0,-1
25.586,-21.07,142.73,-28.01,0.0,-0.7,0.0,-1
25.657,-21.11,142.77,-27.08,0.0,-0.7,0.0,-1
25.728,-21.13,142.8,-26.46,0.0,-0.7,0.0,-1
25.8,-21.17,142.84,-25.56,0.0,-0.7,0.0,-1
25.873,-21.21,142.88,-24.69,0.0,-0.7,0.0,-1
25.921,-21.23,142.91,-24.14,0.0,-0.7,0.0,-1
25.993,-21.26,142.94,-23.35,0.0,-0.7,0.0,-1
26.063,-21.3,142.97,-22.62,0.0,-0.7,0.0,-1
26.113,-21.32,142.99,-22.13,0.0,-0.7,0.0,-1
26.185,-21.35,143.02,-21.45,0.0,-0.7,0.0,-1
26.234,-21.38,143.05,-20.8,0.0,-0.7,0.0,-1
26.305,-21.4,143.07,-20.38,0.0,-0.7,0.0,-1
26.377,-21.43,143.09,-19.8,0.0,-0.7,0.0,-1
26.447,-21.45,143.11,-19.25,0.0,-0.7,0.0,-1
26.496,-21.47,143.13,-18.89,0.0,-0.7,0.0,-1
26.567,-21.49,143.15,-18.39,0.0,-0.7,0.0,-1
26.617,-21.51,143.16,-18.05,0.0,-0.7,0.0,-1
26.689,-21.53,143.18,-17.59,0.0,-0.7,0.0,-1
26.76,-21.55,143.19,-17.15,0.0,-0.7,0.0,-1
26.831,-21.57,143.21,-16.75,0.0,-0.7,0.0,-1
26.879,-21.58,143.22,-16.48,0.0,-0.7,0.0,-1
26.952,-21.6,143.23,-16.1,0.0,-0.7,0.0,-1
27.023,-21.62,143.25,-15.75,0.0,-0.7,0.0,-1
27.072,-21.63,143.25,-15.51,0.0,-0.7,0.0,-1
27.121,-21.65,143.27,-15.19,0.0,-0.7,0.0,-1
27.216,-21.66,143.28,-14.89,0.0,-0.7,0.0,-1
27.263,-21.67,143.28,-14.69,0.0,-0.7,0.0,-1
27.311,-21.68,143.29,-14.42,0.0,-0.7,0.0,-1
27.406,-21.7,143.3,-14.16,0.0,-0.7,0.0,-1
27.455,-21.71,143.31,-13.99,0.0,-0.7,0.0,-1
27.524,-21.72,143.32,-13.76,0.0,-0.7,0.0,-1
27.594,-21.73,143.33,-13.54,0.0,-0.7,0.0,-1
27.641,-21.74,143.33,-13.33,0.0,-0.7,0.0,-1
27.713,-21.75,143.34,-13.19,0.0,-0.7,0.0,-1
27.784,-21.76,143.35,-13.0,0.0,-0.7,0.0,-1
27.857,-21.76,143.35,-12.84,0.03,-0.7,0.0,-1
27.905,-21.77,143.35,-12.74,0.07,-0.7,0.0,-1
27.951,-21.78,143.36,-12.61,0.12,-0.7,0.0,-1
28.022,-21.78,143.36,-12.47,0.0,-0.7,0.0,-1
28.092,-21.79,143.37,-12.36,0.0,-0.7,0.0,-1
28.163,-21.8,143.37,-12.18,0.0,-0.7,0.0,-1
28.234,-21.81,143.38,-12.0,0.0,-0.7,0.0,-1
28.281,-21.82,143.39,-11.83,0.0,-0.7,0.0,-1
28.354,-21.82,143.39,-11.71,0.0,-0.7,0.0,-1
28.425,-21.83,143.39,-11.55,0.0,-0.7,0.0,-1
28.497,-21.84,143.4,-11.4,0.0,-0.7,0.0,-1
28.545,-21.84,143.4,-11.31,0.0,-0.7,0.0,-1
28.592,-21.85,143.41,-11.17,0.0,-0.7,0.0,-1
28.686,-21.86,143.41,-11.05,0.0,-0.7,0.0,-1
28.733,-21.86,143.41,-10.96,0.0,-0.7,0.0,-1
28.804,-21.87,143.42,-10.85,0.0,-0.7,0.0,-1
28.874,-21.87,143.42,-10.74,0.03,-0.7,0.0,-1
28.943,-21.88,143.42,-10.65,0.07,-0.7,0.0,-1
28.991,-21.88,143.43,-10.59,0.1,-0.7,0.0,-1
29.064,-21.88,143.43,-10.5,0.0,-0.7,0.0,-1
29.109,-21.89,143.43,-10.39,0.0,-0.7,0.0,-1
29.179,-21.9,143.44,-10.26,0.0,-0.7,0.0,-1
29.247,-21.9,143.44,-10.18,0.0,-0.7,0.0,-1
29.32,-21.91,143.44,-10.05,0.0,-0.7,0.0,-1
29.391,-21.91,143.45,-9.93,0.0,-0.7,0.0,-1
29.438,-21.92,143.45,-9.85,0.0,-0.7,0.0,-1
29.512,-21.92,143.45,-9.73,0.0,-0.7,0.0,-1
29.582,-21.93,143.46,-9.63,0.0,-0.7,0.0,-1
29.629,-21.93,143.46,-9.56,0.0,-0.7,0.0,-1
29.7,-21.94,143.46,-9.47,0.0,-0.7,0.0,-1
29.77,-21.94,143.46,-9.38,0.0,-0.7,0.0,-1
29.84,-21.95,143.47,-9.29,0.0,-0.7,0.0,-1
29.887,-21.95,143.47,-9.24,0.02,-0.7,0.0,-1
29.958,-21.95,143.47,-9.17,0.07,-0.7,0.0,-1
30.026,-21.96,143.47,-9.11,0.11,-0.7,0.0,-1
30.096,-21.96,143.47,-9.07,0.15,-0.7,0.0,-1
30.143,-21.96,143.47,-9.05,0.18,-0.7,0.0,-1
30.213,-21.96,143.47,-9.0,0.23,-0.7,0.0,-1
30.282,-21.96,143.47,-8.98,0.27,-0.7,0.0,-1
30.33,-21.97,143.48,-8.95,0.3,-0.7,0.0,-1
30.401,-21.97,143.48,-8.84,0.0,-0.7,0.0,-1
30.473,-21.98,143.49,-8.61,0.0,-0.7,0.0,-1
30.542,-22.0,143.49,-8.35,0.0,-0.7,0.0,-1
30.588,-22.01,143.5,-8.18,0.0,-0.7,0.0,-1
30.658,-22.02,143.51,-7.92,0.0,-0.7,0.0,-1
30.728,-22.03,143.51,-7.67,0.0,-0.7,0.0,-1
30.798,-22.05,143.52,-7.42,0.0,-0.7,0.0,-1
30.845,-22.05,143.53,-7.27,0.0,-0.7,0.0,-1
30.915,-22.07,143.53,-7.05,0.0,-0.7,0.0,-1
30.987,-22.08,143.54,-6.83,0.0,-0.7,0.0,-1
31.033,-22.09,143.54,-6.64,0.0,-0.7,0.0,-1
31.103,-22.1,143.55,-6.51,0.0,-0.7,0.0,-1
31.172,-22.11,143.55,-6.33,0.0,-0.7,0.0,-1
31.222,-22.12,143.56,-6.15,0.0,-0.7,0.0,-1
31.316,-22.12,143.56,-5.99,0.0,-0.7,0.0,-1
31.364,-22.13,143.57,-5.88,0.0,0.0,0.0,-1
31.411,-22.14,143.57,-5.8,0.0,0.0,0.0,-1
31.481,-22.15,143.57,-5.79,0.0,0.0,0.0,-1
31.552,-22.15,143.57,-5.79,0.0,0.0,0.0,-1
31.622,-22.15,143.57,-5.79,0.0,0.0,0.8,-1
31.691,-22.15,143.57,-5.79,0.0,0.0,1.0,-1
31.738,-22.15,143.57,-5.79,0.0,0.0,1.0,-1
31.807,-22.15,143.57,-5.79,0.0,0.0,1.0,-1
31.88,-22.15,143.57,-5.79,0.0,0.0,0.0,-1
31.929,-22.15,143.57,-5.79,0.0,0.0,0.0,-1
31.999,-22.15,143.57,-5.79,0.0,0.0,0.0,-1
32.07,-22.15,143.57,-5.79,0.0,0.0,0.0,-1
32.139,-22.15,143.57,-5.79,0.0,0.0,0.0,-1
32.208,-22.15,143.57,-5.79,0.0,0.0,0.0,-1
32.256,-22.15,143.57,-5.79,0.0,0.0,0.0,-1
32.305,-22.15,143.57,-5.79,0.0,0.0,0.0,-1
32.397,-22.15,143.57,-5.79,0.0,0.0,0.0,-1
32.444,-22.15,143.57,-5.79,0.0,0.0,0.0,1
32.514,-22.15,143.57,-5.79,0.0,0.0,0.0,1
32.585,-22.15,143.57,-5.79,0.0,0.0,0.0,1
32.654,-22.15,143.57,-5.79,0.0,0.1,0.0,1
32.702,-22.15,143.57,-5.79,0.0,0.1,0.0,1
32.773,-22.15,143.57,-5.79,0.0,0.1,0.0,1
32.842,-22.15,143.57,-5.78,0.01,0.2,0.0,1
32.889,-22.15,143.57,-5.78,0.04,0.2,0.0,1
32.959,-22.15,143.57,-5.76,0.08,0.2,0.0,1
33.029,-22.15,143.57,-5.75,0.13,0.2,0.0,1
33.097,-22.15,143.57,-5.73,0.17,0.3,0.0,1
33.168,-22.14,143.57,-5.71,0.2,0.3,0.0,1
33.216,-22.14,143.57,-5.7,0.24,0.3,0.0,1
33.288,-22.13,143.57,-5.64,0.0,0.4,0.0,1
33.359,-22.12,143.57,-5.54,0.0,0.4,0.0,1
33.428,-22.11,143.57,-5.44,0.0,0.4,0.0,1
33.474,-22.11,143.57,-5.36,0.0,0.5,0.0,1
33.543,-22.09,143.58,-5.23,0.0,0.5,0.0,1
33.612,-22.08,143.58,-5.12,0.0,0.5,0.0,1
33.658,-22.08,143.58,-4.99,0.01,0.6,0.0,1
33.728,-22.07,143.58,-4.91,0.05,0.6,0.0,1
33.8,-22.06,143.58,-4.8,0.1,0.6,0.0,1
33.87,-22.06,143.58,-4.7,0.14,0.7,0.0,1
33.918,-22.05,143.59,-4.65,0.0,0.7,0.0,1
33.986,-22.05,143.59,-4.52,0.0,0.7,0.0,1
34.055,-22.04,143.59,-4.36,0.0,0.7,0.0,1
34.1,-22.03,143.59,-4.19,0.02,0.7,0.0,1
34.17,-22.02,143.59,-4.09,0.05,0.7,0.0,1
34.241,-22.02,143.6,-3.97,0.09,0.7,0.0,1
34.313,-22.01,143.6,-3.83,0.0,0.7,0.0,1
34.384,-22.0,143.6,-3.69,0.0,0.7,0.0,1
34.432,-21.99,143.6,-3.59,0.0,0.7,0.0,1
34.48,-21.98,143.61,-3.45,0.03,0.7,0.0,1
34.554,-21.98,143.61,-3.31,0.06,0.7,0.0,1
34.623,-21.97,143.61,-3.24,0.0,0.7,0.0,1
34.672,-21.97,143.61,-3.1,0.0,0.7,0.0,1
34.762,-21.96,143.62,-2.97,0.01,0.7,0.0,1
34.832,-21.95,143.62,-2.84,0.04,0.7,0.0,1
34.879,-21.95,143.62,-2.76,0.0,0.7,0.0,1
34.95,-21.94,143.62,-2.63,0.0,0.7,0.0,1
34.995,-21.93,143.62,-2.53,0.01,0.7,0.0,1
35.09,-21.93,143.62,-2.48,0.04,0.7,0.0,1
35.138,-21.93,143.63,-2.43,0.0,0.7,0.0,1
35.184,-21.92,143.63,-2.34,0.0,0.7,0.0,1
35.279,-21.92,143.63,-2.26,0.01,0.7,0.0,1
35.327,-21.91,143.63,-2.2,0.04,0.7,0.0,1
35.4,-21.91,143.63,-2.11,0.0,0.7,0.0,1
35.471,-21.9,143.63,-2.03,0.0,0.7,0.0,1
35.518,-21.9,143.63,-1.98,0.0,0.7,0.0,1
35.587,-21.9,143.64,-1.91,0.0,0.7,0.0,1
35.656,-21.89,143.64,-1.84,0.04,0.7,0.0,1
35.725,-21.89,143.64,-1.77,0.0,0.7,0.0,1
35.772,-21.88,143.64,-1.72,0.0,0.7,0.0,1
35.84,-21.88,143.64,-1.65,0.01,0.7,0.0,1
35.912,-21.88,143.64,-1.59,0.0,0.7,0.0,1
35.981,-21.87,143.64,-1.53,0.0,0.7,0.0,1
36.028,-21.87,143.64,-1.49,0.01,0.7,0.0,1
36.098,-21.87,143.64,-1.47,0.06,0.7,0.0,1
36.169,-21.87,143.65,-1.43,0.0,0.7,0.0,1
36.217,-21.86,143.65,-1.37,0.0,0.7,0.0,1
36.288,-21.86,143.65,-1.32,0.04,0.7,0.0,1
36.358,-21.86,143.65,-1.27,0.0,0.7,0.0,1
36.428,-21.86,143.65,-1.21,0.0,0.7,0.0,1
36.495,-21.85,143.65,-1.15,0.04,0.7,0.0,1
36.543,-21.85,143.65,-1.12,0.07,0.7,0.0,1
36.613,-21.85,143.65,-1.07,0.0,0.7,0.0,1
36.683,-21.84,143.65,-1.01,0.03,0.7,0.0,1
36.751,-21.84,143.65,-0.97,0.07,0.7,0.0,1
36.795,-21.84,143.66,-0.93,0.0,0.7,0.0,1
36.863,-21.84,143.66,-0.87,0.02,0.7,0.0,1
36.934,-21.83,143.66,-0.82,0.07,0.7,0.0,1
37.004,-21.83,143.66,-0.76,0.0,0.7,0.0,1
37.049,-21.83,143.66,-0.7,0.0,0.7,0.0,1
37.121,-21.82,143.66,-0.65,0.03,0.7,0.0,1
37.189,-21.82,143.66,-0.59,0.08,0.7,0.0,1
37.259,-21.82,143.66,-0.53,0.0,0.7,0.0,1
37.328,-21.81,143.67,-0.46,0.0,0.7,0.0,1
37.375,-21.81,143.67,-0.39,0.03,0.7,0.0,1
37.446,-21.8,143.67,-0.32,0.0,0.7,0.0,1
37.494,-21.8,143.67,-0.24,0.0,0.7,0.0,1
37.566,-21.8,143.67,-0.19,0.0,0.7,0.0,1
37.638,-21.79,143.67,-0.12,0.0,0.0,0.0,1
37.708,-21.79,143.67,-0.08,0.0,0.0,0.0,1
37.755,-21.79,143.67,-0.07,0.0,0.0,0.0,1
37.825,-21.78,143.67,-0.07,0.0,0.0,0.0,1
37.895,-21.78,143.67,-0.07,0.0,0.0,0.0,1
37.966,-21.77,143.67,-0.08,0.0,-0.1,0.0,1
38.012,-21.77,143.67,-0.08,0.0,-0.1,0.0,1
38.082,-21.77,143.67,-0.09,0.0,-0.1,0.0,1
38.152,-21.77,143.67,-0.1,0.0,-0.2,0.0,1
38.224,-21.76,143.67,-0.11,0.0,-0.2,0.0,1
38.27,-21.76,143.67,-0.12,0.0,-0.2,0.0,1
38.339,-21.76,143.67,-0.13,0.0,0.0,0.0,1
38.385,-21.76,143.67,-0.13,0.0,0.0,0.0,1
38.48,-21.75,143.67,-0.13,0.0,0.0,0.0,1
38.529,-21.75,143.67,-0.13,0.0,0.0,0.0,1
38.6,-21.75,143.67,-0.13,0.0,0.0,0.0,1
38.648,-21.75,143.67,-0.13,0.0,0.0,0.0,1
38.719,-21.75,143.67,-0.13,0.0,0.0,0.0,1
38.767,-21.75,143.67,-0.13,0.0,0.0,0.0,1
38.863,-21.75,143.67,-0.13,0.0,0.0,0.0,1
38.909,-21.75,143.67,-0.13,0.0,0.0,0.0,1
38.957,-21.75,143.67,-0.13,0.0,0.0,0.0,-1
39.029,-21.75,143.67,-0.13,0.0,0.0,0.0,-1
39.097,-21.75,143.67,-0.13,0.0,0.0,0.0,-1
39.167,-21.75,143.67,-0.13,0.0,0.0,0.0,-1
39.214,-21.76,143.67,-0.13,0.03,0.0,0.0,-1
39.309,-21.76,143.67,-0.13,0.07,0.0,0.0,-1
39.358,-21.76,143.67,-0.13,0.0,0.0,0.0,-1
39.428,-21.76,143.67,-0.13,0.03,0.0,0.0,-1
39.475,-21.76,143.67,-0.13,0.07,0.0,0.0,-1
39.569,-21.76,143.67,-0.13,0.0,0.0,0.0,-1
39.617,-21.77,143.67,-0.13,0.0,0.0,0.0,-1
39.664,-21.77,143.67,-0.12,0.05,0.0,0.0,-1
39.759,-21.77,143.67,-0.13,0.0,0.0,0.0,-1
39.806,-21.77,143.67,-0.13,0.0,0.0,0.0,-1
39.875,-21.78,143.67,-0.12,0.05,0.0,0.0,-1
39.946,-21.78,143.67,-0.13,0.0,0.0,0.0,-1
40.015,-21.78,143.67,-0.12,0.01,0.0,0.0,-1
40.061,-21.78,143.67,-0.13,0.04,0.0,0.0,-1
40.13,-21.79,143.67,-0.14,0.09,0.0,0.0,-1
40.177,-21.79,143.67,-0.13,0.13,0.0,0.0,-1
40.245,-21.79,143.67,-0.14,0.17,0.0,0.0,-1
40.339,-21.79,143.67,-0.13,0.2,0.0,0.0,-1
40.385,-21.79,143.67,-0.13,0.24,0.0,0.0,-1
40.453,-21.8,143.67,-0.15,0.0,0.0,0.0,-1
40.522,-21.8,143.67,-0.14,0.0,0.0,0.0,-1
40.591,-21.82,143.67,-0.14,0.0,0.0,0.0,-1
40.638,-21.83,143.67,-0.14,0.0,0.0,0.0,-1
40.705,-21.84,143.67,-0.14,0.0,0.0,0.0,-1
40.751,-21.85,143.67,-0.14,0.0,0.0,0.0,-1
40.847,-21.87,143.67,-0.14,0.0,0.0,0.0,-1
40.894,-21.88,143.67,-0.14,0.0,0.0,0.0,-1
40.964,-21.89,143.67,-0.14,0.0,0.0,0.0,-1
41.032,-21.9,143.67,-0.14,0.01,0.0,0.0,-1
41.101,-21.91,143.67,-0.14,0.05,0.0,0.0,-1
41.147,-21.92,143.67,-0.14,0.08,0.0,0.0,-1
41.217,-21.93,143.67,-0.14,0.12,0.0,0.0,-1
41.287,-21.93,143.67,-0.15,0.17,0.0,0.0,-1
41.333,-21.94,143.67,-0.15,0.21,0.0,0.0,-1
41.403,-21.94,143.67,-0.15,0.24,0.0,0.0,-1
41.472,-21.95,143.67,-0.15,0.28,0.0,0.0,-1
41.543,-21.95,143.67,-0.15,0.33,0.0,0.0,-1
41.612,-21.96,143.67,-0.15,0.0,0.0,0.0,-1
41.681,-21.97,143.67,-0.15,0.0,0.0,0.0,-1
41.727,-21.99,143.67,-0.15,0.0,0.0,0.0,-1
41.795,-22.01,143.67,-0.15,0.0,0.0,0.0,-1
41.866,-22.03,143.67,-0.15,0.0,0.0,0.0,-1
41.934,-22.05,143.67,-0.15,0.0,0.0,0.0,-1
41.979,-22.07,143.67,-0.15,0.0,0.0,0.0,-1
42.049,-22.09,143.67,-0.15,0.0,0.0,0.0,-1
42.12,-22.11,143.67,-0.15,0.0,0.0,0.0,-1
42.189,-22.13,143.67,-0.15,0.0,0.0,0.0,-1
42.234,-22.14,143.67,-0.15,0.0,0.0,0.0,-1
42.304,-22.15,143.67,-0.15,0.0,0.0,0.0,-1
42.373,-22.17,143.67,-0.15,0.0,0.0,0.0,-1
42.419,-22.18,143.67,-0.15,0.0,0.0,0.0,-1
42.49,-22.19,143.67,-0.15,0.0,0.0,0.0,-1
42.56,-22.21,143.67,-0.15,0.0,0.0,0.0,-1
42.629,-22.22,143.67,-0.15,0.0,0.0,0.0,-1
42.698,-22.23,143.67,-0.15,0.0,0.0,0.0,-1
42.744,-22.23,143.67,-0.15,0.0,0.0,0.4,-1
42.814,-22.23,143.67,-0.15,0.0,0.0,1.0,-1
42.887,-22.23,143.67,-0.15,0.0,0.0,1.0,-1
42.958,-22.23,143.67,-0.15,0.0,0.0,0.0,-1
43.006,-22.23,143.67,-0.15,0.0,0.0,0.0,-1
43.076,-22.23,143.67,-0.15,0.0,0.0,0.0,-1
43.146,-22.23,143.67,-0.15,0.0,0.0,0.0,-1
43.215,-22.23,143.67,-0.15,0.0,0.0,0.0,-1
43.283,-22.23,143.67,-0.15,0.0,0.0,0.0,-1
43.33,-22.23,143.67,-0.15,0.0,0.0,0.0,-1
43.402,-22.23,143.67,-0.15,0.0,0.0,0.0,-1
43.471,-22.23,143.67,-0.15,0.0,0.0,0.0,-1
43.518,-22.23,143.67,-0.15,0.0,0.0,0.0,-1
43.59,-22.23,143.67,-0.15,0.0,0.0,0.0,-1
43.659,-22.23,143.67,-0.15,0.0,0.0,0.0,-1
43.728,-22.23,143.67,-0.15,0.0,0.0,0.0,-1
43.775,-22.23,143.67,-0.15,0.0,0.0,0.0,-1
43.843,-22.23,143.67,-0.15,0.0,0.0,0.0,-1
43.912,-22.23,143.67,-0.15,0.0,0.0,0.0,-1
