Time, x, y, angle, throttle, steer, brake, gear 
0.0,-25.0,139.0,0.0,0.0,0.0,0.0,1
0.068,-25.0,139.0,0.0,0.0,0.0,0.0,1
0.136,-25.0,139.0,0.0,0.0,0.0,0.0,1
0.204,-25.0,139.0,0.0,0.0,0.0,0.0,1
0.274,-25.0,139.0,0.0,0.0,0.0,0.0,1
0.322,-25.0,139.0,0.0,0.0,0.0,0.0,1
0.393,-25.0,139.0,0.0,0.0,0.0,0.0,1
0.461,-25.0,139.0,0.0,0.0,0.0,0.0,1
0.529,-25.0,139.0,0.0,0.0,0.0,0.0,1
0.575,-25.0,139.0,0.0,0.0,0.0,0.0,1
0.653,-25.0,139.0,0.0,0.0,0.0,0.0,1
0.719,-25.0,139.0,-0.0,0.0,0.0,0.0,1
0.767,-25.0,139.0,0.0,0.0,0.0,0.0,1
0.839,-25.0,139.0,-0.0,0.0,0.0,0.0,1
0.91,-25.0,139.0,-0.0,0.0,0.0,0.0,1
0.978,-25.0,139.0,-0.0,0.0,0.0,0.0,1
1.023,-25.0,139.0,-0.0,0.0,0.0,0.0,1
1.092,-25.0,139.0,-0.0,0.0,0.0,0.0,1
1.161,-25.0,139.0,-0.0,0.0,0.0,0.0,1
1.23,-25.0,139.0,-0.0,0.0,0.0,0.0,1
1.275,-25.0,139.0,-0.0,0.0,0.0,0.0,1
1.344,-25.0,139.0,-0.0,0.0,0.0,0.0,1
1.412,-25.0,139.0,-0.0,0.0,0.0,0.0,1
1.481,-25.0,139.0,-0.0,0.0,0.0,0.0,1
1.547,-25.0,139.0,-0.0,0.0,0.0,0.0,1
1.615,-25.0,139.0,-0.0,0.0,0.0,0.0,1
1.66,-25.0,139.0,-0.0,0.0,0.0,0.0,1
1.727,-25.0,139.0,-0.0,0.0,0.0,0.0,1
1.794,-25.0,139.0,-0.0,0.0,0.0,0.0,1
1.861,-25.0,139.0,-0.0,0.0,0.0,0.0,1
1.928,-25.0,139.0,-0.0,0.0,0.0,0.0,1
1.997,-25.0,139.0,-0.0,0.0,0.0,0.0,1
2.062,-25.0,139.0,-0.0,0.0,0.0,0.0,1
2.131,-25.0,139.0,-0.0,0.0,0.0,0.0,1
2.176,-25.0,139.0,-0.0,0.0,0.0,0.0,1
2.243,-25.0,139.0,-0.0,0.0,0.0,0.0,1
2.311,-25.0,139.0,-0.0,0.0,0.0,0.0,1
2.378,-25.0,139.0,-0.0,0.0,0.0,0.0,1
2.445,-25.0,139.0,-0.0,0.0,0.0,0.0,1
2.511,-25.0,139.0,-0.0,0.0,0.0,0.0,1
2.558,-25.0,139.0,-0.0,0.0,0.0,0.0,1
2.627,-25.0,139.0,-0.0,0.0,0.0,0.0,1
2.696,-25.0,139.0,-0.0,0.0,0.0,0.0,1
2.764,-25.0,139.0,-0.0,0.0,0.0,0.0,1
2.81,-25.0,139.0,-0.0,0.0,0.0,0.0,1
2.878,-25.0,139.0,-0.0,0.0,0.0,0.0,1
2.944,-25.0,139.0,-0.0,0.0,0.0,0.0,1
3.011,-25.0,139.0,-0.0,0.0,0.0,0.0,1
3.082,-25.0,139.0,-0.0,0.0,0.0,0.0,1
3.151,-25.0,139.0,-0.0,0.0,0.0,0.0,1
3.219,-25.0,139.0,-0.0,0.0,0.0,0.0,1
3.264,-25.0,139.0,-0.0,0.0,0.0,0.0,1
3.33,-25.0,139.0,-0.0,0.0,0.0,0.0,1
3.397,-25.0,139.0,-0.0,0.0,0.0,0.0,1
3.442,-25.0,139.0,-0.0,0.0,0.0,0.0,1
3.531,-25.0,139.0,-0.0,0.0,0.0,0.0,1
3.598,-25.0,139.0,-0.0,0.0,0.0,0.0,1
3.665,-25.0,139.0,-0.0,0.0,0.0,0.0,1
3.71,-25.0,139.0,-0.0,0.0,0.0,0.0,1
3.778,-25.0,139.0,-0.0,0.0,0.1,0.0,1
3.847,-25.0,139.0,-0.0,0.0,0.1,0.0,1
3.916,-25.0,139.0,-0.0,0.0,0.1,0.0,1
3.985,-25.0,139.0,-0.0,0.0,0.1,0.0,1
4.028,-25.0,139.0,-0.0,0.02,0.2,0.0,1
4.096,-25.0,139.0,-0.0,0.06,0.2,0.0,1
4.165,-25.0,139.0,-0.0,0.11,0.2,0.0,1
4.233,-25.0,139.0,-0.0,0.15,0.3,0.0,1
4.277,-25.0,139.0,-0.0,0.19,0.3,0.0,1
4.368,-25.0,139.0,-0.0,0.23,0.3,0.0,1
4.413,-25.0,139.0,-0.0,0.26,0.4,0.0,1
4.481,-25.0,139.0,-0.0,0.3,0.4,0.0,1
4.548,-25.0,139.0,-0.0,0.35,0.4,0.0,1
4.616,-25.0,139.0,-0.0,0.0,0.5,0.0,1
4.661,-25.0,139.0,-0.0,0.0,0.5,0.0,1
4.75,-25.0,139.0,-0.0,0.01,0.5,0.0,1
4.797,-25.0,139.0,-0.0,0.04,0.6,0.0,1
4.864,-25.0,139.0,-0.0,0.08,0.6,0.0,1
4.93,-25.0,139.0,-0.0,0.13,0.6,0.0,1
4.997,-25.0,139.0,-0.0,0.17,0.7,0.0,1
5.066,-25.0,139.0,-0.0,0.21,0.7,0.0,1
5.133,-25.0,139.0,-0.0,0.25,0.7,0.0,1
5.2,-25.0,139.0,-0.0,0.29,0.7,0.0,1
5.244,-25.0,139.0,-0.0,0.32,0.7,0.0,1
5.31,-25.0,139.0,-0.0,0.36,0.7,0.0,1
5.378,-25.0,139.0,-0.0,0.41,0.7,0.0,1
5.445,-25.0,139.0,-0.0,0.45,0.7,0.0,1
5.514,-25.0,139.0,-0.0,0.0,0.7,0.0,1
5.582,-25.0,139.0,-0.0,0.0,0.7,0.0,1
5.626,-25.0,139.0,-0.0,0.0,0.7,0.0,1
5.693,-25.0,139.0,-0.0,0.0,0.7,0.0,1
5.76,-25.0,139.0,-0.0,0.0,0.7,0.0,1
5.829,-25.0,139.0,-0.0,0.03,0.7,0.0,1
5.875,-25.0,139.0,-0.0,0.07,0.7,0.0,1
5.967,-25.0,139.0,-0.0,0.11,0.7,0.0,1
6.032,-25.0,139.0,-0.0,0.14,0.7,0.0,1
6.077,-25.0,139.0,-0.0,0.18,0.7,0.0,1
6.144,-25.0,139.0,-0.0,0.22,0.7,0.0,1
6.211,-25.0,139.0,-0.0,0.27,0.7,0.0,1
6.281,-25.0,139.0,-0.0,0.31,0.7,0.0,1
6.347,-25.0,139.0,-0.0,0.35,0.7,0.0,1
6.392,-25.0,139.0,-0.0,0.39,0.7,0.0,1
6.461,-25.0,139.0,-0.0,0.42,0.7,0.0,1
6.528,-25.0,139.0,-0.0,0.46,0.7,0.0,1
6.596,-24.99,139.0,0.12,0.51,0.7,0.0,1
6.666,-24.95,139.02,0.89,0.55,0.7,0.0,1
6.735,-24.89,139.05,2.04,0.59,0.7,0.0,1
6.78,-24.83,139.07,2.95,0.62,0.7,0.0,1
6.849,-24.75,139.11,4.46,0.67,0.7,0.0,1
6.921,-24.66,139.15,6.18,0.0,0.7,0.0,1
6.968,-24.56,139.2,7.96,0.0,0.7,0.0,1
7.057,-24.45,139.26,9.45,0.0,0.0,0.0,1
7.102,-24.34,139.29,10.07,0.0,0.0,0.0,1
7.169,-24.26,139.3,10.11,0.01,0.0,0.0,1
7.237,-24.15,139.32,10.12,0.06,0.0,0.0,1
7.304,-24.05,139.34,10.15,0.1,0.0,0.0,1
7.373,-23.96,139.36,10.17,0.14,0.0,0.0,1
7.442,-23.87,139.37,10.2,0.17,0.0,0.0,1
7.487,-23.81,139.38,10.21,0.21,0.0,0.0,1
7.555,-23.73,139.4,10.24,0.26,0.0,0.0,1
7.623,-23.65,139.41,10.27,0.3,0.0,0.0,1
7.691,-23.57,139.43,10.29,0.34,0.0,0.0,1
7.737,-23.48,139.44,10.34,0.37,0.0,0.0,1
7.806,-23.43,139.46,10.46,0.41,0.1,0.0,1
7.874,-23.34,139.48,10.69,0.46,0.1,0.0,1
7.941,-23.25,139.5,10.95,0.5,0.2,0.0,1
7.986,-23.16,139.53,11.38,0.54,0.2,0.0,1
8.075,-23.06,139.56,11.88,0.58,0.2,0.0,1
8.142,-22.96,139.59,12.28,0.62,0.0,0.0,1
8.186,-22.84,139.62,12.33,0.65,0.0,0.0,1
8.255,-22.75,139.63,12.34,0.69,0.0,0.0,1
8.326,-22.61,139.67,12.36,0.74,0.0,0.0,1
8.37,-22.46,139.7,12.37,0.78,0.0,0.0,1
8.46,-22.3,139.73,12.37,0.82,0.0,0.0,1
8.527,-22.12,139.77,12.38,0.86,0.0,0.0,1
8.595,-21.92,139.82,12.38,0.89,0.0,0.0,1
8.642,-21.77,139.85,12.38,0.93,0.0,0.0,1
8.711,-21.52,139.91,12.38,0.98,0.0,0.0,1
8.779,-21.24,139.97,12.38,1.0,0.0,0.0,1
8.826,-21.03,140.01,12.38,1.0,0.0,0.0,1
8.895,-20.71,140.08,12.38,1.0,0.0,0.0,1
8.964,-20.34,140.16,12.01,1.0,-0.1,0.0,1
9.032,-19.95,140.22,11.24,1.0,-0.1,0.0,1
9.098,-19.56,140.28,10.4,1.0,-0.1,0.0,1
9.165,-19.16,140.33,9.27,1.0,-0.2,0.0,1
9.211,-18.73,140.37,7.59,1.0,-0.2,0.0,1
9.277,-18.41,140.39,6.3,0.0,-0.2,0.0,1
9.345,-17.91,140.4,4.15,0.0,0.0,0.0,1
9.415,-17.37,140.41,2.92,0.0,0.0,0.0,1
9.483,-16.84,140.44,2.63,0.0,0.0,0.6,1
9.555,-16.3,140.46,2.55,0.0,0.0,1.0,1
9.6,-15.97,140.47,2.53,0.0,0.0,1.0,1
9.666,-15.51,140.49,2.52,0.0,0.0,1.0,1
9.735,-15.06,140.51,2.52,0.0,0.0,1.0,1
9.779,-14.67,140.53,2.51,0.0,0.0,1.0,1
9.87,-14.33,140.55,2.51,0.0,0.0,1.0,1
9.938,-14.03,140.56,2.51,0.0,0.0,1.0,1
9.985,-13.85,140.57,2.51,0.0,0.0,1.0,1
10.055,-13.61,140.58,2.51,0.0,0.0,1.0,1
10.123,-13.41,140.59,2.51,0.0,0.0,1.0,1
10.169,-13.23,140.59,2.51,0.0,0.0,1.0,1
10.235,-13.09,140.6,2.5,0.0,0.0,1.0,1
10.302,-13.0,140.6,2.5,0.0,0.0,1.0,1
10.369,-12.9,140.61,2.53,0.0,0.0,1.0,1
10.436,-12.88,140.61,2.54,0.0,0.0,1.0,1
10.504,-12.88,140.61,2.54,0.0,0.0,1.0,1
10.57,-12.88,140.61,2.54,0.0,0.0,1.0,1
10.638,-12.88,140.61,2.54,0.0,0.0,1.0,1
10.683,-12.88,140.61,2.54,0.0,0.0,1.0,1
10.751,-12.88,140.61,2.54,0.0,0.0,1.0,1
10.82,-12.87,140.61,2.54,0.0,0.0,1.0,1
10.865,-12.87,140.61,2.54,0.0,0.0,1.0,1
10.933,-12.87,140.61,2.54,0.0,0.0,0.0,1
11.022,-12.87,140.61,2.54,0.0,0.0,0.0,1
11.091,-12.87,140.61,2.54,0.0,0.0,0.0,1
11.136,-12.87,140.61,2.54,0.0,0.0,0.0,1
11.206,-12.87,140.61,2.54,0.0,0.0,0.0,1
11.273,-12.87,140.61,2.54,0.0,0.0,0.0,1
11.34,-12.87,140.61,2.54,0.0,0.0,0.0,1
11.409,-12.87,140.61,2.54,0.0,0.0,0.0,1
11.475,-12.87,140.61,2.54,0.0,0.0,0.0,1
11.519,-12.87,140.61,2.54,0.0,0.0,0.0,1
11.586,-12.87,140.61,2.54,0.0,0.0,0.0,1
11.654,-12.87,140.61,2.54,0.0,0.0,0.0,1
11.723,-12.87,140.61,2.54,0.0,0.0,0.0,1
11.79,-12.87,140.61,2.54,0.0,0.0,0.0,1
11.835,-12.87,140.61,2.54,0.0,0.0,0.0,1
11.902,-12.87,140.61,2.54,0.0,0.0,0.0,1
11.97,-12.87,140.61,2.54,0.0,0.0,0.0,1
12.039,-12.87,140.61,2.54,0.0,0.0,0.0,1
12.082,-12.87,140.61,2.54,0.0,0.0,0.0,1
12.17,-12.87,140.61,2.54,0.0,0.0,0.0,1
12.237,-12.87,140.61,2.54,0.0,0.0,0.0,1
12.304,-12.87,140.61,2.54,0.0,0.0,0.0,-1
12.37,-12.87,140.61,2.54,0.0,0.0,0.0,-1
12.415,-12.87,140.61,2.54,0.0,0.0,0.0,-1
12.48,-12.87,140.61,2.54,0.0,0.0,0.0,-1
12.547,-12.87,140.61,2.54,0.0,0.0,0.0,-1
12.616,-12.87,140.61,2.54,0.0,0.0,0.0,-1
12.681,-12.87,140.61,2.54,0.0,0.0,0.0,-1
12.725,-12.87,140.61,2.54,0.0,0.0,0.0,-1
12.815,-12.87,140.61,2.54,0.0,0.0,0.0,-1
12.859,-12.87,140.61,2.54,0.0,0.0,0.0,-1
12.925,-12.87,140.61,2.54,0.0,0.0,0.0,-1
12.991,-12.87,140.61,2.54,0.01,0.0,0.0,-1
13.058,-12.88,140.61,2.54,0.06,0.0,0.0,-1
13.124,-12.88,140.61,2.54,0.1,0.0,0.0,-1
13.169,-12.88,140.61,2.54,0.14,0.0,0.0,-1
13.261,-12.88,140.61,2.54,0.18,0.0,0.0,-1
13.33,-12.88,140.61,2.54,0.21,0.0,0.0,-1
13.376,-12.88,140.61,2.54,0.25,0.0,0.0,-1
13.443,-12.88,140.61,2.54,0.3,0.0,0.0,-1
13.509,-12.88,140.61,2.54,0.34,0.0,0.0,-1
13.579,-12.88,140.61,2.54,0.38,0.0,0.0,-1
13.648,-12.89,140.61,2.53,0.42,0.0,0.0,-1
13.693,-12.9,140.61,2.53,0.45,0.0,0.0,-1
13.76,-12.92,140.61,2.54,0.49,0.0,0.0,-1
13.828,-12.94,140.61,2.55,0.54,0.0,0.0,-1
13.896,-12.98,140.61,2.55,0.0,0.0,0.0,-1
13.942,-13.02,140.6,2.55,0.0,0.0,0.0,-1
14.01,-13.06,140.6,2.55,0.0,0.0,0.0,-1
14.079,-13.12,140.6,2.55,0.0,0.0,0.0,-1
14.149,-13.17,140.6,2.55,0.0,0.0,0.0,-1
14.219,-13.23,140.59,2.55,0.0,0.0,0.0,-1
14.288,-13.28,140.59,2.55,0.0,0.0,0.0,-1
14.332,-13.31,140.59,2.55,0.03,0.0,0.0,-1
14.399,-13.35,140.59,2.55,0.07,0.0,0.0,-1
14.466,-13.38,140.59,2.56,0.12,0.0,0.0,-1
14.532,-13.42,140.59,2.56,0.16,0.0,0.0,-1
14.6,-13.45,140.58,2.56,0.2,0.0,0.0,-1
14.669,-13.48,140.58,2.56,0.24,0.0,0.0,-1
14.713,-13.51,140.58,2.57,0.27,0.0,0.0,-1
14.782,-13.53,140.58,2.58,0.31,0.0,0.0,-1
14.849,-13.56,140.58,2.59,0.36,0.0,0.0,-1
14.917,-13.6,140.58,2.59,0.4,0.0,0.0,-1
14.985,-13.64,140.58,2.59,0.44,0.0,0.0,-1
15.053,-13.69,140.57,2.59,0.48,0.0,0.0,-1
15.12,-13.74,140.57,2.58,0.52,0.0,0.0,-1
15.166,-13.8,140.57,2.58,0.55,0.0,0.0,-1
15.232,-13.85,140.57,2.58,0.0,0.0,0.0,-1
15.3,-13.92,140.56,2.58,0.0,0.0,0.0,-1
15.365,-14.0,140.56,2.58,0.0,0.0,0.0,-1
15.41,-14.08,140.56,2.58,0.0,0.0,0.0,-1
15.477,-14.15,140.55,2.58,0.0,0.0,0.0,-1
15.566,-14.22,140.55,2.58,0.0,0.0,0.0,-1
15.632,-14.28,140.55,2.58,0.02,0.0,0.0,-1
15.677,-14.32,140.55,2.58,0.05,0.0,0.0,-1
15.743,-14.37,140.54,2.56,0.09,0.0,0.0,-1
15.81,-14.42,140.54,2.55,0.14,0.0,0.0,-1
15.854,-14.46,140.54,2.54,0.16,0.0,0.0,-1
15.937,-14.51,140.54,2.53,0.21,0.0,0.0,-1
16.003,-14.56,140.53,2.53,0.26,0.0,0.0,-1
16.071,-14.6,140.53,2.53,0.3,0.0,0.0,-1
16.137,-14.65,140.53,2.53,0.34,0.0,0.0,-1
16.206,-14.7,140.53,2.53,0.38,0.0,0.0,-1
16.253,-14.74,140.53,2.53,0.41,0.0,0.0,-1
16.323,-14.8,140.52,2.53,0.46,0.0,0.0,-1
16.39,-14.86,140.52,2.53,0.0,0.0,0.0,-1
16.458,-14.93,140.52,2.53,0.0,0.0,0.0,-1
16.505,-15.0,140.52,2.53,0.0,0.0,0.0,-1
16.595,-15.08,140.51,2.53,0.0,0.0,0.0,-1
16.641,-15.13,140.51,2.53,0.0,0.0,0.0,-1
16.711,-15.2,140.51,2.53,0.0,0.0,0.0,-1
16.755,-15.27,140.5,2.53,0.0,0.0,0.0,-1
16.846,-15.33,140.5,2.53,0.0,0.0,0.0,-1
16.914,-15.39,140.5,2.53,0.0,0.0,0.0,-1
16.959,-15.43,140.5,2.53,0.01,0.0,0.0,-1
17.026,-15.48,140.49,2.54,0.06,0.0,0.0,-1
17.093,-15.52,140.49,2.53,0.1,0.0,0.0,-1
17.161,-15.57,140.49,2.53,0.14,0.0,0.0,-1
17.228,-15.61,140.49,2.52,0.18,0.0,0.0,-1
17.294,-15.64,140.49,2.51,0.22,0.0,0.0,-1
17.342,-15.67,140.48,2.5,0.25,0.0,0.0,-1
17.413,-15.71,140.48,2.49,0.3,0.0,0.0,-1
17.482,-15.75,140.48,2.45,0.34,0.1,0.0,-1
17.551,-15.79,140.48,2.34,0.38,0.1,0.0,-1
17.62,-15.84,140.47,2.22,0.41,0.1,0.0,-1
17.666,-15.88,140.47,2.1,0.46,0.2,0.0,-1
17.737,-15.94,140.46,1.81,0.5,0.2,0.0,-1
17.804,-16.01,140.45,1.49,0.54,0.2,0.0,-1
17.872,-16.08,140.44,1.12,0.57,0.2,0.0,-1
17.917,-16.14,140.43,0.76,0.61,0.3,0.0,-1
17.985,-16.23,140.42,0.13,0.66,0.3,0.0,-1
18.055,-16.33,140.4,-0.62,0.7,0.4,0.0,-1
18.1,-16.44,140.38,-1.6,0.0,0.4,0.0,-1
18.191,-16.56,140.36,-2.66,0.0,0.4,0.0,-1
18.259,-16.68,140.34,-3.72,0.0,0.4,0.0,-1
18.306,-16.75,140.33,-4.55,0.0,0.5,0.0,-1
18.375,-16.87,140.31,-5.8,0.0,0.5,0.0,-1
18.447,-16.97,140.3,-7.0,0.04,0.5,0.0,-1
18.495,-17.04,140.29,-7.79,0.07,0.6,0.0,-1
18.567,-17.13,140.27,-9.0,0.12,0.6,0.0,-1
18.612,-17.21,140.26,-10.12,0.16,0.6,0.0,-1
18.681,-17.29,140.25,-11.21,0.2,0.7,0.0,-1
18.749,-17.34,140.24,-12.01,0.23,0.7,0.0,-1
18.82,-17.42,140.23,-13.24,0.28,0.7,0.0,-1
18.89,-17.49,140.22,-14.45,0.32,0.7,0.0,-1
18.96,-17.57,140.21,-15.68,0.35,0.7,0.0,-1
19.005,-17.62,140.2,-16.49,0.39,0.7,0.0,-1
19.073,-17.7,140.2,-17.75,0.44,0.7,0.0,-1
19.144,-17.78,140.19,-19.15,0.48,0.7,0.0,-1
19.215,-17.87,140.19,-20.62,0.52,0.7,0.0,-1
19.261,-17.94,140.19,-21.64,0.55,0.7,0.0,-1
19.334,-18.04,140.19,-23.33,0.6,0.7,0.0,-1
19.381,-18.15,140.2,-25.09,0.64,0.7,0.0,-1
19.473,-18.27,140.21,-26.96,0.67,0.7,0.0,-1
19.521,-18.35,140.22,-28.36,0.0,0.7,0.0,-1
19.593,-18.49,140.24,-30.55,0.0,0.7,0.0,-1
19.664,-18.63,140.26,-32.76,0.0,0.7,0.0,-1
19.711,-18.71,140.28,-34.18,0.0,0.7,0.0,-1
19.783,-18.84,140.31,-36.25,0.0,0.0,0.0,-1
19.854,-18.96,140.36,-37.52,0.0,0.0,0.0,-1
19.902,-19.03,140.41,-37.78,0.0,0.0,0.0,-1
19.972,-19.12,140.48,-37.8,0.0,0.0,0.0,-1
20.02,-19.21,140.54,-37.8,0.0,0.0,0.8,-1
20.092,-19.26,140.58,-37.8,0.0,0.0,1.0,-1
20.167,-19.3,140.62,-37.79,0.0,0.0,1.0,-1
20.237,-19.3,140.62,-37.79,0.0,0.0,1.0,-1
20.305,-19.3,140.62,-37.79,0.0,0.0,1.0,-1
20.353,-19.3,140.62,-37.79,0.0,0.0,1.0,-1
20.423,-19.3,140.62,-37.79,0.0,0.0,1.0,-1
20.493,-19.3,140.62,-37.79,0.0,0.0,1.0,-1
20.539,-19.3,140.62,-37.79,0.0,0.0,1.0,-1
20.608,-19.3,140.62,-37.79,0.0,0.0,0.0,-1
20.678,-19.3,140.62,-37.79,0.0,0.0,0.0,-1
20.747,-19.3,140.62,-37.79,0.0,0.0,0.0,-1
20.795,-19.3,140.62,-37.79,0.0,0.0,0.0,-1
20.866,-19.3,140.62,-37.79,0.05,0.0,0.0,-1
20.936,-19.31,140.62,-37.79,0.09,0.0,0.0,-1
21.007,-19.31,140.62,-37.79,0.13,0.0,0.0,-1
21.054,-19.31,140.62,-37.79,0.16,0.0,0.0,-1
21.121,-19.31,140.62,-37.79,0.2,0.0,0.0,-1
21.192,-19.31,140.62,-37.79,0.25,0.0,0.0,-1
21.263,-19.31,140.62,-37.79,0.29,0.0,0.0,-1
21.31,-19.31,140.62,-37.79,0.32,0.0,0.0,-1
21.38,-19.31,140.62,-37.79,0.0,0.0,0.0,-1
21.452,-19.32,140.63,-37.79,0.0,0.0,0.0,-1
21.52,-19.33,140.64,-37.79,0.0,0.0,0.0,-1
21.567,-19.34,140.65,-37.79,0.0,0.0,0.0,-1
21.637,-19.36,140.66,-37.79,0.0,0.0,0.0,-1
21.705,-19.37,140.67,-37.79,0.03,0.0,0.0,-1
21.774,-19.39,140.68,-37.79,0.07,0.0,0.0,-1
21.821,-19.39,140.69,-37.79,0.1,0.0,0.0,-1
21.89,-19.4,140.7,-37.79,0.15,0.0,0.0,-1
21.96,-19.41,140.7,-37.79,0.19,0.0,0.0,-1
22.027,-19.42,140.71,-37.79,0.23,0.0,0.0,-1
22.096,-19.43,140.71,-37.8,0.27,0.0,0.0,-1
22.144,-19.43,140.72,-37.8,0.3,0.0,0.0,-1
22.216,-19.44,140.73,-37.8,0.35,0.0,0.0,-1
22.287,-19.46,140.74,-37.8,0.39,0.0,0.0,-1
22.335,-19.47,140.75,-37.8,0.42,0.0,0.0,-1
22.405,-19.49,140.76,-37.82,0.47,0.0,0.0,-1
22.474,-19.52,140.78,-37.83,0.51,0.0,0.0,-1
22.544,-19.55,140.81,-37.83,0.55,0.0,0.0,-1
22.592,-19.58,140.83,-37.82,0.58,0.0,0.0,-1
22.661,-19.63,140.87,-37.82,0.0,0.0,0.0,-1
22.732,-19.68,140.91,-37.82,0.0,0.0,0.0,-1
22.778,-19.72,140.94,-37.82,0.0,0.0,0.0,-1
22.847,-19.77,140.98,-37.82,0.0,0.0,0.0,-1
22.919,-19.83,141.02,-37.82,0.0,0.0,0.0,-1
22.991,-19.88,141.06,-37.82,0.0,0.0,0.0,-1
23.038,-19.91,141.09,-37.82,0.0,0.0,0.0,-1
23.111,-19.96,141.13,-37.82,0.0,0.0,0.0,-1
23.183,-20.0,141.16,-37.82,0.0,0.0,0.0,-1
23.229,-20.03,141.18,-37.82,0.0,0.0,0.0,-1
23.3,-20.07,141.22,-37.82,0.0,0.0,0.0,-1
23.373,-20.11,141.25,-37.82,0.0,0.0,0.0,-1
23.42,-20.15,141.27,-37.82,0.01,0.0,0.0,-1
23.49,-20.17,141.29,-37.82,0.05,0.0,0.0,-1
23.537,-20.2,141.31,-37.82,0.1,0.0,0.0,-1
23.63,-20.22,141.33,-37.82,0.14,0.0,0.0,-1
23.677,-20.24,141.34,-37.82,0.17,0.0,0.0,-1
23.747,-20.26,141.36,-37.82,0.22,0.0,0.0,-1
23.819,-20.28,141.38,-37.82,0.0,0.0,0.0,-1
23.888,-20.31,141.4,-37.82,0.0,0.0,0.0,-1
23.936,-20.33,141.41,-37.82,0.0,0.0,0.0,-1
24.005,-20.36,141.44,-37.82,0.0,0.0,0.0,-1
24.074,-20.38,141.46,-37.82,0.0,0.0,0.0,-1
24.143,-20.41,141.48,-37.82,0.0,0.0,0.0,-1
24.189,-20.43,141.49,-37.82,0.03,0.0,0.0,-1
24.26,-20.45,141.51,-37.82,0.08,0.0,0.0,-1
24.306,-20.47,141.52,-37.83,0.12,0.0,0.0,-1
24.377,-20.49,141.54,-37.83,0.16,0.0,0.0,-1
24.448,-20.5,141.54,-37.83,0.19,0.0,0.0,-1
24.518,-20.51,141.56,-37.84,0.24,0.0,0.0,-1
24.587,-20.53,141.57,-37.84,0.28,0.0,0.0,-1
24.657,-20.55,141.58,-37.84,0.31,-0.0,0.0,-1
24.703,-20.56,141.59,-37.84,0.0,-0.0,0.0,-1
24.776,-20.59,141.62,-37.78,0.0,-0.1,0.0,-1
24.821,-20.61,141.64,-37.7,0.0,-0.1,0.0,-1
24.89,-20.64,141.66,-37.61,0.0,-0.1,0.0,-1
24.959,-20.65,141.67,-37.52,0.0,-0.2,0.0,-1
25.028,-20.67,141.7,-37.37,0.0,-0.2,0.0,-1
25.099,-20.7,141.72,-37.23,0.0,-0.2,0.0,-1
25.169,-20.72,141.74,-37.05,0.0,-0.3,0.0,-1
25.216,-20.73,141.75,-36.92,0.0,-0.3,0.0,-1
25.287,-20.75,141.77,-36.74,0.0,-0.3,0.0,-1
25.333,-20.76,141.79,-36.53,0.0,-0.4,0.0,-1
25.425,-20.78,141.8,-36.32,0.0,-0.4,0.0,-1
25.471,-20.79,141.82,-36.19,0.0,-0.4,0.0,-1
25.518,-20.8,141.83,-35.97,0.0,-0.5,0.0,-1
25.591,-20.82,141.85,-35.78,0.03,-0.5,0.0,-1
25.659,-20.83,141.86,-35.6,0.06,-0.5,0.0,-1
25.729,-20.83,141.87,-35.48,0.1,-0.6,0.0,-1
25.799,-20.84,141.88,-35.3,0.0,-0.6,0.0,-1
25.866,-20.85,141.89,-35.09,0.0,-0.6,0.0,-1
25.934,-20.86,141.9,-34.85,0.0,-0.7,0.0,-1
26.003,-20.87,141.92,-34.58,0.0,-0.7,0.0,-1
26.048,-20.88,141.93,-34.41,0.0,-0.7,0.0,-1
26.118,-20.88,141.94,-34.16,0.0,-0.7,0.0,-1
26.188,-20.89,141.95,-33.93,0.0,0.0,0.0,-1
26.236,-20.9,141.96,-33.82,0.0,0.0,0.0,-1
26.307,-20.91,141.97,-33.77,0.0,0.0,0.0,-1
26.377,-20.92,141.97,-33.77,0.01,0.0,0.0,-1
26.448,-20.93,141.98,-33.77,0.05,0.0,0.0,-1
26.496,-20.94,141.99,-33.77,0.08,0.0,0.0,-1
26.568,-20.94,141.99,-33.77,0.13,0.0,0.0,-1
26.64,-20.95,141.99,-33.77,0.17,0.0,0.0,-1
26.687,-20.95,142.0,-33.77,0.2,0.0,0.0,-1
26.735,-20.96,142.0,-33.77,0.25,0.0,0.0,-1
26.805,-20.96,142.0,-33.77,0.29,0.0,0.0,-1
26.898,-20.97,142.01,-33.76,0.32,0.0,0.0,-1
26.945,-20.97,142.01,-33.78,0.36,0.0,0.0,-1
27.016,-20.99,142.02,-33.77,0.41,0.0,0.0,-1
27.086,-21.01,142.03,-33.78,0.45,0.0,0.0,-1
27.132,-21.02,142.04,-33.79,0.48,0.0,0.0,-1
27.2,-21.05,142.06,-33.8,0.52,0.0,0.0,-1
27.27,-21.08,142.08,-33.8,0.0,0.0,0.0,-1
27.338,-21.12,142.11,-33.8,0.0,0.0,0.0,-1
27.407,-21.17,142.14,-33.8,0.0,0.0,0.0,-1
27.453,-21.2,142.16,-33.8,0.0,0.0,0.0,-1
27.523,-21.24,142.19,-33.79,0.0,-0.1,0.0,-1
27.594,-21.29,142.22,-33.67,0.0,-0.1,0.0,-1
27.664,-21.33,142.25,-33.55,0.0,-0.1,0.0,-1
27.711,-21.36,142.27,-33.46,0.0,-0.2,0.0,-1
27.783,-21.39,142.3,-33.25,0.0,-0.2,0.0,-1
27.853,-21.43,142.33,-33.05,0.0,-0.2,0.0,-1
27.923,-21.46,142.36,-32.84,0.0,-0.2,0.0,-1
27.969,-21.48,142.37,-32.67,0.0,-0.3,0.0,-1
28.015,-21.51,142.4,-32.42,0.0,-0.3,0.0,-1
28.108,-21.53,142.42,-32.16,0.0,-0.4,0.0,-1
28.156,-21.55,142.44,-31.95,0.0,-0.4,0.0,-1
28.23,-21.57,142.46,-31.64,0.0,-0.4,0.0,-1
28.301,-21.6,142.48,-31.36,0.0,-0.4,0.0,-1
28.351,-21.61,142.5,-31.14,0.0,-0.5,0.0,-1
28.421,-21.63,142.52,-30.83,0.0,-0.5,0.0,-1
28.489,-21.65,142.54,-30.54,0.0,-0.5,0.0,-1
28.537,-21.67,142.56,-30.21,0.0,-0.6,0.0,-1
28.606,-21.68,142.57,-30.0,0.0,-0.6,0.0,-1
28.675,-21.69,142.58,-29.7,0.0,-0.6,0.0,-1
28.724,-21.71,142.6,-29.38,0.0,-0.7,0.0,-1
28.817,-21.72,142.61,-29.05,0.0,-0.7,0.0,-1
28.866,-21.73,142.62,-28.85,0.03,-0.7,0.0,-1
28.938,-21.74,142.64,-28.59,0.07,-0.7,0.0,-1
29.01,-21.75,142.65,-28.35,0.1,-0.7,0.0,-1
29.057,-21.75,142.66,-28.18,0.0,-0.7,0.0,-1
29.129,-21.76,142.67,-27.91,0.0,-0.7,0.0,-1
29.199,-21.77,142.68,-27.68,0.04,-0.7,0.0,-1
29.246,-21.78,142.69,-27.54,0.07,-0.7,0.0,-1
29.32,-21.79,142.7,-27.34,0.0,-0.7,0.0,-1
29.391,-21.8,142.71,-27.12,0.0,-0.7,0.0,-1
29.437,-21.8,142.71,-26.96,0.0,-0.7,0.0,-1
29.505,-21.81,142.72,-26.74,0.04,-0.7,0.0,-1
29.576,-21.82,142.73,-26.52,0.09,-0.7,0.0,-1
29.645,-21.83,142.74,-26.35,0.13,-0.7,0.0,-1
29.692,-21.83,142.75,-26.24,0.16,-0.7,0.0,-1
29.761,-21.84,142.75,-26.06,0.2,-0.7,0.0,-1
29.831,-21.84,142.76,-25.91,0.25,-0.7,0.0,-1
29.899,-21.85,142.77,-25.74,0.29,-0.7,0.0,-1
29.946,-21.86,142.77,-25.58,0.0,-0.7,0.0,-1
30.018,-21.86,142.78,-25.37,0.0,-0.7,0.0,-1
30.088,-21.88,142.8,-25.02,0.0,-0.7,0.0,-1
30.158,-21.9,142.82,-24.64,0.0,-0.7,0.0,-1
30.204,-21.91,142.83,-24.28,0.0,-0.7,0.0,-1
30.274,-21.92,142.84,-24.03,0.0,-0.7,0.0,-1
30.345,-21.94,142.86,-23.68,0.0,-0.7,0.0,-1
30.416,-21.95,142.87,-23.35,0.0,-0.7,0.0,-1
30.462,-21.96,142.88,-23.14,0.0,-0.7,0.0,-1
30.531,-21.97,142.89,-22.84,0.0,-0.7,0.0,-1
30.602,-21.99,142.91,-22.54,0.0,-0.7,0.0,-1
30.67,-22.0,142.92,-22.28,0.0,-0.7,0.0,-1
30.716,-22.01,142.93,-22.1,0.0,-0.7,0.0,-1
30.786,-22.02,142.94,-21.85,0.0,-0.7,0.0,-1
30.855,-22.03,142.95,-21.62,0.0,-0.7,0.0,-1
30.924,-22.04,142.96,-21.4,0.0,-0.7,0.0,-1
30.972,-22.04,142.96,-21.25,0.0,-0.7,0.0,-1
31.044,-22.05,142.97,-21.03,0.0,-0.7,0.0,-1
31.113,-22.06,142.98,-20.84,0.0,-0.7,0.0,-1
31.161,-22.07,142.99,-20.68,0.04,-0.7,0.0,-1
31.229,-22.08,142.99,-20.58,0.07,-0.7,0.0,-1
31.299,-22.08,143.0,-20.43,0.0,-0.7,0.0,-1
31.371,-22.09,143.0,-20.26,0.0,-0.7,0.0,-1
31.442,-22.1,143.01,-20.11,0.01,-0.7,0.0,-1
31.489,-22.1,143.01,-20.02,0.05,-0.7,0.0,-1
31.56,-22.11,143.02,-19.87,0.0,-0.7,0.0,-1
31.63,-22.12,143.03,-19.72,0.0,-0.7,0.0,-1
31.677,-22.12,143.03,-19.61,0.03,-0.7,0.0,-1
31.744,-22.13,143.03,-19.46,0.0,-0.7,0.0,-1
31.812,-22.13,143.04,-19.32,0.0,-0.7,0.0,-1
31.881,-22.14,143.05,-19.17,0.01,-0.7,0.0,-1
31.949,-22.15,143.05,-19.04,0.05,-0.7,0.0,-1
31.994,-22.15,143.05,-18.96,0.08,-0.7,0.0,-1
32.063,-22.15,143.06,-18.85,0.0,-0.7,0.0,-1
32.134,-22.16,143.06,-18.72,0.0,-0.7,0.0,-1
32.203,-22.17,143.07,-18.58,0.01,-0.7,0.0,-1
32.251,-22.17,143.07,-18.5,0.04,-0.7,0.0,-1
32.322,-22.18,143.08,-18.38,0.0,-0.7,0.0,-1
32.368,-22.18,143.08,-18.26,0.0,-0.7,0.0,-1
32.463,-22.19,143.09,-18.15,0.03,-0.7,0.0,-1
32.511,-22.19,143.09,-18.07,0.06,-0.7,0.0,-1
32.583,-22.2,143.09,-17.94,0.0,-0.7,0.0,-1
32.628,-22.2,143.1,-17.83,0.01,-0.7,0.0,-1
32.721,-22.21,143.1,-17.68,0.04,-0.7,0.0,-1
32.766,-22.21,143.11,-17.59,0.0,-0.7,0.0,-1
32.838,-22.22,143.11,-17.46,0.0,-0.7,0.0,-1
32.885,-22.22,143.12,-17.35,0.04,-0.7,0.0,-1
32.954,-22.23,143.12,-17.26,0.07,-0.7,0.0,-1
33.023,-22.23,143.12,-17.19,0.0,-0.7,0.0,-1
33.093,-22.24,143.13,-17.08,0.01,-0.7,0.0,-1
33.163,-22.24,143.13,-17.01,0.05,-0.7,0.0,-1
33.21,-22.25,143.13,-16.91,0.0,-0.7,0.0,-1
33.279,-22.25,143.14,-16.84,0.0,-0.7,0.0,-1
33.352,-22.25,143.14,-16.72,0.04,-0.7,0.0,-1
33.423,-22.26,143.14,-16.6,0.08,-0.7,0.0,-1
33.47,-22.26,143.15,-16.54,0.0,-0.7,0.0,-1
33.541,-22.27,143.15,-16.43,0.01,-0.7,0.0,-1
33.613,-22.27,143.15,-16.3,0.05,-0.7,0.0,-1
33.66,-22.28,143.16,-16.24,0.08,-0.7,0.0,-1
33.729,-22.28,143.16,-16.15,0.0,-0.7,0.0,-1
33.776,-22.29,143.16,-16.04,0.02,-0.7,0.0,-1
33.844,-22.29,143.17,-15.97,0.06,-0.7,0.0,-1
33.937,-22.29,143.17,-15.89,0.0,-0.7,0.0,-1
33.983,-22.3,143.17,-15.82,0.0,-0.7,0.0,-1
34.051,-22.3,143.18,-15.73,0.03,-0.7,0.0,-1
34.096,-22.3,143.18,-15.63,0.07,-0.7,0.0,-1
34.167,-22.31,143.18,-15.54,0.0,-0.7,0.0,-1
34.238,-22.31,143.18,-15.47,0.0,-0.7,0.0,-1
34.307,-22.32,143.19,-15.38,0.04,-0.7,0.0,-1
34.376,-22.32,143.19,-15.32,0.08,-0.7,0.0,-1
34.422,-22.32,143.19,-15.23,0.0,-0.7,0.0,-1
34.514,-22.33,143.2,-15.13,0.0,-0.7,0.0,-1
34.562,-22.33,143.2,-15.07,0.04,-0.7,0.0,-1
34.632,-22.34,143.2,-14.97,0.09,-0.7,0.0,-1
34.701,-22.34,143.21,-14.89,0.0,-0.7,0.0,-1
34.77,-22.35,143.21,-14.79,0.0,-0.7,0.0,-1
34.816,-22.35,143.21,-14.72,0.04,-0.7,0.0,-1
34.864,-22.35,143.21,-14.64,0.09,-0.7,0.0,-1
34.96,-22.36,143.22,-14.53,0.12,-0.7,0.0,-1
35.006,-22.36,143.22,-14.47,0.16,-0.7,0.0,-1
35.075,-22.36,143.22,-14.39,0.21,-0.7,0.0,-1
35.146,-22.37,143.23,-14.27,0.0,-0.7,0.0,-1
35.216,-22.38,143.23,-14.09,0.0,-0.7,0.0,-1
35.261,-22.38,143.24,-13.97,0.0,-0.7,0.0,-1
35.329,-22.39,143.24,-13.79,0.0,-0.7,0.0,-1
35.399,-22.4,143.25,-13.66,0.04,-0.7,0.0,-1
35.468,-22.41,143.25,-13.54,0.08,-0.7,0.0,-1
35.537,-22.41,143.26,-13.42,0.11,-0.7,0.0,-1
35.583,-22.42,143.26,-13.33,0.0,-0.7,0.0,-1
35.63,-22.43,143.27,-13.17,0.0,-0.7,0.0,-1
35.723,-22.43,143.27,-13.01,0.0,-0.7,0.0,-1
35.791,-22.44,143.28,-12.85,0.0,-0.7,0.0,-1
35.837,-22.45,143.28,-12.75,0.0,-0.7,0.0,-1
35.905,-22.45,143.28,-12.61,0.0,-0.7,0.0,-1
35.975,-22.46,143.29,-12.46,0.0,-0.7,0.0,-1
36.045,-22.47,143.29,-12.33,0.0,-0.7,0.0,-1
36.115,-22.47,143.3,-12.22,0.03,-0.7,0.0,-1
36.16,-22.48,143.3,-12.15,0.07,-0.7,0.0,-1
36.232,-22.48,143.3,-12.05,0.12,-0.7,0.0,-1
36.299,-22.49,143.31,-11.98,0.16,-0.7,0.0,-1
36.368,-22.49,143.31,-11.91,0.2,-0.7,0.0,-1
36.414,-22.49,143.31,-11.87,0.23,-0.7,0.0,-1
36.483,-22.49,143.31,-11.82,0.0,-0.7,0.0,-1
36.529,-22.5,143.31,-11.68,0.0,-0.7,0.0,-1
36.62,-22.51,143.32,-11.48,0.0,-0.7,0.0,-1
36.689,-22.52,143.33,-11.25,0.0,-0.7,0.0,-1
36.734,-22.53,143.33,-11.09,0.0,-0.7,0.0,-1
36.803,-22.54,143.34,-10.86,0.0,-0.7,0.0,-1
36.871,-22.55,143.35,-10.64,0.0,-0.7,0.0,-1
36.943,-22.57,143.36,-10.43,0.0,-0.7,0.0,-1
36.989,-22.57,143.36,-10.29,0.0,-0.7,0.0,-1
37.059,-22.58,143.37,-10.1,0.0,-0.7,0.0,-1
37.13,-22.59,143.37,-9.91,0.0,-0.7,0.0,-1
37.177,-22.6,143.38,-9.73,0.0,-0.7,0.0,-1
37.247,-22.61,143.38,-9.62,0.0,-0.7,0.0,-1
37.317,-22.62,143.39,-9.46,0.0,-0.7,0.0,-1
37.387,-22.62,143.39,-9.31,0.0,-0.7,0.0,-1
37.433,-22.63,143.4,-9.17,0.0,-0.7,0.0,-1
37.522,-22.64,143.4,-9.04,0.0,-0.7,0.0,-1
37.568,-22.64,143.4,-8.96,0.0,-0.7,0.0,-1
37.637,-22.65,143.41,-8.84,0.0,-0.7,0.0,-1
37.706,-22.65,143.41,-8.75,0.0,-0.7,0.0,-1
37.773,-22.65,143.41,-8.74,0.0,-0.7,0.0,-1
37.819,-22.65,143.41,-8.73,0.0,-0.7,0.0,-1
37.886,-22.66,143.41,-8.7,0.0,-0.7,0.0,-1
37.956,-22.66,143.41,-8.69,0.01,-0.7,0.0,-1
38.004,-22.66,143.41,-8.66,0.05,-0.7,0.0,-1
38.095,-22.66,143.41,-8.64,0.09,-0.7,0.0,-1
38.143,-22.66,143.41,-8.63,0.12,-0.7,0.0,-1
38.212,-22.66,143.41,-8.61,0.17,-0.7,0.0,-1
38.281,-22.66,143.41,-8.58,0.0,-0.7,0.0,-1
38.351,-22.67,143.42,-8.5,0.0,-0.7,0.0,-1
38.397,-22.67,143.42,-8.44,0.0,-0.7,0.0,-1
38.464,-22.67,143.42,-8.34,0.0,-0.7,0.0,-1
38.534,-22.68,143.42,-8.24,0.0,-0.7,0.0,-1
38.579,-22.69,143.43,-8.14,0.0,-0.7,0.0,-1
38.672,-22.69,143.43,-8.05,0.0,-0.7,0.0,-1
38.719,-22.69,143.43,-7.99,0.0,-0.7,0.0,-1
38.789,-22.7,143.43,-7.91,0.0,-0.7,0.0,-1
38.858,-22.7,143.44,-7.83,0.0,-0.7,0.0,-1
38.926,-22.71,143.44,-7.75,0.0,-0.7,0.0,-1
38.972,-22.71,143.44,-7.7,0.0,-0.7,0.0,-1
39.04,-22.71,143.44,-7.64,0.0,-0.7,0.0,-1
39.108,-22.72,143.44,-7.57,0.0,-0.7,0.0,-1
39.155,-22.72,143.44,-7.51,0.0,-0.7,0.0,-1
39.244,-22.72,143.45,-7.46,0.03,-0.7,0.0,-1
39.29,-22.72,143.45,-7.42,0.06,-0.7,0.0,-1
39.36,-22.73,143.45,-7.38,0.1,-0.7,0.0,-1
39.432,-22.73,143.45,-7.33,0.0,-0.7,0.0,-1
39.503,-22.73,143.45,-7.25,0.0,-0.7,0.0,-1
39.549,-22.73,143.45,-7.2,0.0,-0.7,0.0,-1
39.617,-22.74,143.46,-7.12,0.0,-0.7,0.0,-1
39.685,-22.74,143.46,-7.04,0.0,-0.7,0.0,-1
39.728,-22.75,143.46,-6.97,0.0,-0.7,0.0,-1
39.819,-22.75,143.46,-6.9,0.0,0.0,0.0,-1
39.864,-22.76,143.46,-6.87,0.0,0.0,0.0,-1
39.936,-22.76,143.46,-6.87,0.0,0.0,0.0,-1
40.004,-22.76,143.46,-6.87,0.0,0.0,0.0,-1
40.049,-22.77,143.46,-6.87,0.0,0.0,0.0,-1
40.115,-22.77,143.46,-6.87,0.0,0.0,0.8,-1
40.183,-22.77,143.46,-6.87,0.0,0.0,1.0,-1
40.275,-22.77,143.46,-6.87,0.0,0.0,1.0,-1
40.32,-22.77,143.46,-6.87,0.0,0.0,1.0,-1
40.392,-22.77,143.46,-6.87,0.0,0.0,1.0,-1
40.437,-22.77,143.46,-6.87,0.0,0.0,1.0,-1
40.528,-22.77,143.46,-6.87,0.0,0.0,1.0,-1
40.575,-22.77,143.46,-6.87,0.0,0.0,1.0,-1
40.644,-22.77,143.46,-6.87,0.0,0.0,1.0,-1
40.712,-22.77,143.46,-6.87,0.0,0.0,1.0,-1
40.779,-22.77,143.46,-6.87,0.0,0.0,0.0,-1
40.824,-22.77,143.46,-6.87,0.0,0.0,0.0,-1
40.914,-22.77,143.46,-6.87,0.0,0.0,0.0,-1
40.96,-22.77,143.46,-6.87,0.0,0.0,0.0,-1
41.03,-22.77,143.46,-6.87,0.0,0.0,0.0,-1
41.1,-22.77,143.46,-6.87,0.0,0.0,0.0,-1
41.167,-22.77,143.46,-6.87,0.0,0.0,0.0,-1
41.211,-22.77,143.46,-6.87,0.0,0.0,0.0,-1
41.279,-22.77,143.46,-6.87,0.0,0.0,0.0,-1
41.348,-22.77,143.46,-6.87,0.0,0.0,0.0,1
41.416,-22.77,143.46,-6.87,0.0,0.0,0.0,1
41.461,-22.77,143.46,-6.87,0.0,0.0,0.0,1
41.531,-22.77,143.46,-6.87,0.0,0.0,0.0,1
41.601,-22.77,143.46,-6.87,0.0,0.0,0.0,1
41.671,-22.77,143.46,-6.87,0.0,0.0,0.0,1
41.738,-22.77,143.46,-6.87,0.0,0.0,0.0,1
41.782,-22.77,143.46,-6.87,0.0,0.1,0.0,1
41.85,-22.77,143.46,-6.87,0.0,0.1,0.0,1
41.918,-22.77,143.46,-6.87,0.0,0.1,0.0,1
41.985,-22.77,143.46,-6.87,0.0,0.2,0.0,1
42.053,-22.77,143.46,-6.87,0.0,0.2,0.0,1
42.121,-22.77,143.46,-6.87,0.0,0.2,0.0,1
42.191,-22.77,143.46,-6.87,0.0,0.3,0.0,1
42.258,-22.77,143.46,-6.87,0.0,0.3,0.0,1
42.305,-22.77,143.46,-6.87,0.0,0.3,0.0,1
42.373,-22.77,143.46,-6.87,0.0,0.4,0.0,1
42.441,-22.77,143.46,-6.87,0.0,0.4,0.0,1
42.51,-22.77,143.46,-6.87,0.0,0.4,0.0,1
42.558,-22.77,143.46,-6.87,0.0,0.5,0.0,1
42.627,-22.77,143.46,-6.87,0.0,0.5,0.0,1
42.695,-22.77,143.46,-6.87,0.0,0.5,0.0,1
42.742,-22.77,143.46,-6.86,0.03,0.6,0.0,1
42.832,-22.77,143.46,-6.87,0.06,0.6,0.0,1
42.877,-22.77,143.46,-6.86,0.1,0.6,0.0,1
42.948,-22.77,143.46,-6.84,0.15,0.7,0.0,1
43.016,-22.77,143.46,-6.84,0.19,0.7,0.0,1
43.085,-22.76,143.46,-6.79,0.0,0.7,0.0,1
43.132,-22.76,143.47,-6.7,0.0,0.7,0.0,1
43.199,-22.75,143.47,-6.64,0.0,0.7,0.0,1
43.267,-22.75,143.47,-6.52,0.02,0.7,0.0,1
43.312,-22.74,143.47,-6.43,0.06,0.7,0.0,1
43.405,-22.74,143.47,-6.33,0.1,0.7,0.0,1
43.451,-22.74,143.47,-6.28,0.13,0.7,0.0,1
43.519,-22.73,143.47,-6.23,0.17,0.7,0.0,1
43.588,-22.73,143.47,-6.15,0.0,0.7,0.0,1
43.66,-22.72,143.48,-6.01,0.0,0.7,0.0,1
43.708,-22.71,143.48,-5.9,0.0,0.7,0.0,1
43.778,-22.71,143.48,-5.73,0.03,0.7,0.0,1
43.824,-22.7,143.48,-5.59,0.07,0.7,0.0,1
43.917,-22.69,143.49,-5.45,0.0,0.7,0.0,1
43.964,-22.68,143.49,-5.35,0.0,0.7,0.0,1
44.034,-22.68,143.49,-5.2,0.01,0.7,0.0,1
44.104,-22.67,143.49,-5.03,0.05,0.7,0.0,1
44.174,-22.66,143.5,-4.9,0.09,0.7,0.0,1
44.222,-22.66,143.5,-4.81,0.0,0.7,0.0,1
44.293,-22.65,143.5,-4.67,0.0,0.7,0.0,1
44.361,-22.64,143.5,-4.53,0.04,0.7,0.0,1
44.43,-22.63,143.5,-4.4,0.08,0.7,0.0,1
44.475,-22.63,143.5,-4.33,0.0,0.7,0.0,1
44.543,-22.62,143.51,-4.21,0.0,0.7,0.0,1
44.61,-22.61,143.51,-4.07,0.0,0.7,0.0,1
44.68,-22.61,143.51,-3.96,0.02,0.7,0.0,1
44.724,-22.6,143.51,-3.88,0.06,0.7,0.0,1
44.793,-22.6,143.51,-3.81,0.09,0.7,0.0,1
44.861,-22.6,143.51,-3.77,0.13,0.7,0.0,1
44.928,-22.59,143.52,-3.72,0.17,0.7,0.0,1
44.999,-22.59,143.52,-3.68,0.22,0.7,0.0,1
45.044,-22.58,143.52,-3.59,0.0,0.7,0.0,1
45.135,-22.57,143.52,-3.42,0.0,0.7,0.0,1
45.203,-22.57,143.52,-3.25,0.02,0.7,0.0,1
45.248,-22.56,143.53,-3.13,0.06,0.7,0.0,1
45.314,-22.55,143.53,-2.98,0.0,0.7,0.0,1
45.381,-22.54,143.53,-2.82,0.0,0.7,0.0,1
45.449,-22.53,143.54,-2.63,0.03,0.7,0.0,1
45.517,-22.52,143.54,-2.5,0.07,0.7,0.0,1
45.562,-22.52,143.54,-2.36,0.0,0.7,0.0,1
45.631,-22.51,143.54,-2.26,0.0,0.7,0.0,1
45.698,-22.5,143.55,-2.14,0.03,0.7,0.0,1
45.765,-22.5,143.55,-2.0,0.07,0.7,0.0,1
45.832,-22.49,143.55,-1.88,0.0,0.7,0.0,1
45.892,-22.48,143.55,-1.76,0.0,0.7,0.0,1
45.961,-22.47,143.56,-1.63,0.0,0.7,0.0,1
46.03,-22.47,143.56,-1.5,0.0,0.7,0.0,1
46.099,-22.46,143.56,-1.39,0.0,0.7,0.0,1
46.144,-22.46,143.56,-1.31,0.0,0.7,0.0,1
46.211,-22.45,143.56,-1.21,0.0,0.7,0.0,1
46.28,-22.44,143.57,-1.11,0.0,0.7,0.0,1
46.347,-22.44,143.57,-1.02,0.0,0.7,0.0,1
46.415,-22.43,143.57,-0.94,0.0,0.7,0.0,1
46.46,-22.43,143.57,-0.88,0.0,0.7,0.0,1
46.528,-22.43,143.57,-0.81,0.0,0.7,0.0,1
46.596,-22.42,143.57,-0.75,0.02,0.7,0.0,1
46.666,-22.42,143.58,-0.67,0.06,0.7,0.0,1
46.712,-22.42,143.58,-0.63,0.09,0.7,0.0,1
46.782,-22.41,143.58,-0.57,0.0,0.7,0.0,1
46.847,-22.41,143.58,-0.49,0.0,0.7,0.0,1
46.917,-22.4,143.58,-0.41,0.0,0.7,0.0,1
46.987,-22.4,143.58,-0.33,0.0,0.7,0.0,1
47.035,-22.4,143.58,-0.28,0.0,0.7,0.0,1
47.103,-22.39,143.59,-0.21,0.0,0.7,0.0,1
47.171,-22.39,143.59,-0.15,0.0,0.7,0.0,1
47.239,-22.39,143.59,-0.09,0.0,0.7,0.0,1
47.305,-22.38,143.59,-0.04,0.0,0.7,0.0,1
47.372,-22.38,143.59,0.01,0.0,0.7,0.0,1
47.439,-22.38,143.59,0.04,0.0,0.0,0.0,1
47.487,-22.38,143.59,0.06,0.0,0.0,0.0,1
47.554,-22.37,143.59,0.06,0.0,0.0,0.0,1
47.623,-22.37,143.59,0.06,0.0,0.0,0.0,1
47.69,-22.37,143.59,0.06,0.0,0.0,0.0,1
47.76,-22.37,143.59,0.06,0.0,0.0,0.0,1
47.805,-22.36,143.59,0.06,0.04,0.0,0.0,1
47.871,-22.36,143.59,0.06,0.08,0.0,0.0,1
47.938,-22.36,143.59,0.06,0.0,0.0,0.0,1
48.004,-22.36,143.59,0.06,0.0,0.0,0.0,1
48.049,-22.35,143.59,0.06,0.01,0.0,0.0,1
48.138,-22.35,143.59,0.06,0.05,0.0,0.0,1
48.206,-22.35,143.59,0.06,0.0,0.0,0.0,1
48.253,-22.35,143.59,0.06,0.0,0.0,0.0,1
48.324,-22.34,143.59,0.05,0.01,0.0,0.0,1
48.371,-22.34,143.59,0.06,0.05,0.0,0.0,1
48.463,-22.34,143.59,0.05,0.0,0.0,0.0,1
48.529,-22.33,143.59,0.05,0.0,0.0,0.0,1
48.576,-22.33,143.59,0.05,0.0,0.0,0.0,1
48.647,-22.33,143.59,0.05,0.04,0.0,0.0,1
48.691,-22.32,143.59,0.06,0.08,0.0,0.0,1
48.759,-22.32,143.59,0.05,0.12,0.0,0.0,1
48.847,-22.32,143.59,0.05,0.16,0.0,0.0,1
48.894,-22.31,143.59,0.05,0.19,0.0,0.0,1
48.961,-22.31,143.59,0.04,0.23,0.0,0.0,1
49.028,-22.31,143.59,0.05,0.28,0.0,0.0,1
49.096,-22.3,143.59,0.04,0.0,0.0,0.0,1
49.143,-22.29,143.59,0.04,0.0,0.0,0.0,1
49.232,-22.28,143.59,0.04,0.0,0.0,0.0,1
49.279,-22.27,143.59,0.04,0.0,0.0,0.0,1
49.349,-22.25,143.59,0.04,0.0,0.0,0.0,1
49.419,-22.24,143.59,0.04,0.03,0.0,0.0,1
49.487,-22.23,143.59,0.04,0.07,0.0,0.0,1
49.533,-22.22,143.59,0.04,0.1,0.0,0.0,1
49.6,-22.21,143.59,0.04,0.0,0.0,0.0,1
49.667,-22.2,143.59,0.04,0.0,0.0,0.0,1
49.737,-22.18,143.59,0.04,0.0,0.0,0.0,1
49.806,-22.17,143.59,0.04,0.0,0.0,0.0,1
49.853,-22.16,143.59,0.04,0.0,0.0,0.0,1
49.923,-22.15,143.59,0.04,0.0,0.0,0.0,1
49.994,-22.14,143.59,0.04,0.0,0.0,0.0,1
50.062,-22.13,143.59,0.04,0.0,0.0,0.0,1
50.13,-22.12,143.59,0.04,0.0,0.0,0.0,1
50.176,-22.11,143.59,0.04,0.0,0.0,0.0,1
50.244,-22.11,143.59,0.04,0.0,0.0,0.6,1
50.292,-22.11,143.59,0.04,0.0,0.0,1.0,1
50.383,-22.11,143.59,0.04,0.0,0.0,1.0,1
50.451,-22.11,143.59,0.04,0.0,0.0,1.0,1
50.495,-22.11,143.59,0.04,0.0,0.0,1.0,1
50.563,-22.11,143.59,0.04,0.0,0.0,1.0,1
50.609,-22.11,143.59,0.04,0.0,0.0,1.0,1
50.699,-22.11,143.59,0.04,0.0,0.0,1.0,1
50.766,-22.11,143.59,0.04,0.0,0.0,1.0,1
50.81,-22.11,143.59,0.04,0.0,0.0,1.0,1
50.877,-22.11,143.59,0.04,0.0,0.0,1.0,1
50.943,-22.11,143.59,0.04,0.0,0.0,1.0,1
51.009,-22.11,143.59,0.04,0.0,0.0,0.0,1
51.077,-22.11,143.59,0.04,0.0,0.0,0.0,1
51.142,-22.11,143.59,0.04,0.0,0.0,0.0,1
51.21,-22.11,143.59,0.04,0.0,0.0,0.0,1
51.277,-22.11,143.59,0.04,0.0,0.0,0.0,1
51.344,-22.11,143.59,0.04,0.0,0.0,0.0,1
51.391,-22.11,143.59,0.04,0.0,0.0,0.0,1
51.458,-22.11,143.59,0.04,0.0,0.0,0.0,1
51.526,-22.11,143.59,0.04,0.0,0.0,0.0,1
51.593,-22.11,143.59,0.04,0.0,0.0,0.0,1
51.66,-22.11,143.59,0.04,0.0,0.0,0.0,1
51.728,-22.11,143.59,0.04,0.0,0.0,0.0,1
51.775,-22.11,143.59,0.04,0.0,0.0,0.0,1
51.843,-22.11,143.59,0.04,0.0,0.0,0.0,1
51.908,-22.11,143.59,0.04,0.0,0.0,0.0,1
51.978,-22.11,143.59,0.04,0.0,0.0,0.0,1
52.024,-22.11,143.59,0.04,0.0,0.0,0.0,1
52.113,-22.11,143.59,0.04,0.0,0.0,0.0,1
52.16,-22.11,143.59,0.04,0.0,0.0,0.0,1
52.23,-22.11,143.59,0.04,0.0,0.0,0.0,1
52.276,-22.11,143.59,0.04,0.0,0.0,0.0,1
52.362,-22.11,143.59,0.04,0.0,0.0,0.0,1
52.429,-22.11,143.59,0.04,0.0,0.0,0.0,1
52.496,-22.11,143.59,0.04,0.0,0.0,0.0,1
52.541,-22.11,143.59,0.04,0.0,0.0,0.0,1
52.608,-22.11,143.59,0.04,0.0,0.0,0.0,1
52.677,-22.11,143.59,0.04,0.0,0.0,0.0,1
52.721,-22.11,143.59,0.04,0.0,0.0,0.0,1
52.809,-22.11,143.59,0.04,0.0,0.0,0.0,1
52.876,-22.11,143.59,0.04,0.0,0.0,0.0,1
52.943,-22.11,143.59,0.04,0.0,0.0,0.0,1
53.008,-22.11,143.59,0.04,0.0,0.0,0.0,1
53.055,-22.11,143.59,0.04,0.0,0.0,0.0,1
53.122,-22.11,143.59,0.04,0.0,0.0,0.0,1
53.19,-22.11,143.59,0.04,0.0,0.0,0.0,1
53.257,-22.11,143.59,0.04,0.0,0.0,0.0,1
53.325,-22.11,143.59,0.04,0.0,0.0,0.0,1
53.392,-22.11,143.59,0.04,0.0,0.0,0.0,1
53.46,-22.11,143.59,0.04,0.0,0.0,0.0,1
53.505,-22.11,143.59,0.04,0.0,0.0,0.0,1
53.572,-22.11,143.59,0.04,0.0,0.0,0.0,1
53.64,-22.11,143.59,0.04,0.0,0.0,0.0,1
53.706,-22.11,143.59,0.04,0.0,0.0,0.0,1
53.773,-22.11,143.59,0.04,0.0,0.0,0.0,1
53.84,-22.11,143.59,0.04,0.0,0.0,0.0,1
53.887,-22.11,143.59,0.04,0.0,0.0,0.0,1
53.954,-22.11,143.59,0.04,0.0,0.0,0.0,1
54.021,-22.11,143.59,0.04,0.0,0.0,0.0,1
54.089,-22.11,143.59,0.04,0.0,0.0,0.0,1
54.154,-22.11,143.59,0.04,0.0,0.0,0.0,1
54.222,-22.11,143.59,0.04,0.0,0.0,0.0,1
54.268,-22.11,143.59,0.04,0.0,0.0,0.0,1
54.336,-22.11,143.59,0.04,0.0,0.0,0.0,1
