Time, x, y, angle, throttle, steer, brake, gear 
0.0,-25.0,139.0,0.0,0.0,0.0,0.0,1
0.068,-25.0,139.0,0.0,0.0,0.0,0.0,1
0.136,-25.0,139.0,0.0,0.0,0.0,0.0,1
0.208,-25.0,139.0,0.0,0.0,0.0,0.0,1
0.255,-25.0,139.0,0.0,0.0,0.0,0.0,1
0.329,-25.0,139.0,0.0,0.0,0.0,0.0,1
0.379,-25.0,139.0,0.0,0.0,0.0,0.0,1
0.449,-25.0,139.0,0.0,0.0,0.0,0.0,1
0.517,-25.0,139.0,0.0,0.0,0.0,0.0,1
0.588,-25.0,139.0,0.0,0.0,0.0,0.0,1
0.657,-25.0,139.0,0.0,0.0,0.0,0.0,1
0.704,-25.0,139.0,0.0,0.0,0.0,0.0,1
0.773,-25.0,139.0,0.0,0.0,0.0,0.0,1
0.843,-25.0,139.0,0.0,0.0,0.0,0.0,1
0.912,-25.0,139.0,0.0,0.0,0.0,0.0,1
0.958,-25.0,139.0,0.0,0.0,0.0,0.0,1
1.026,-25.0,139.0,0.0,0.0,0.0,0.0,1
1.096,-25.0,139.0,0.0,0.0,0.0,0.0,1
1.142,-25.0,139.0,0.0,0.0,0.0,0.0,1
1.217,-25.0,139.0,0.0,0.0,0.0,0.0,1
1.282,-25.0,139.0,0.0,0.0,0.0,0.0,1
1.356,-25.0,139.0,0.0,0.0,0.0,0.0,1
1.424,-25.0,139.0,0.0,0.0,0.0,0.0,1
1.47,-25.0,139.0,0.0,0.0,0.0,0.0,1
1.538,-25.0,139.0,0.0,0.0,0.0,0.0,1
1.604,-25.0,139.0,0.0,0.0,0.0,0.0,1
1.672,-25.0,139.0,0.0,0.0,0.0,0.0,1
1.739,-25.0,139.0,0.0,0.0,0.0,0.0,1
1.811,-25.0,139.0,0.0,0.0,0.0,0.0,1
1.859,-25.0,139.0,0.0,0.0,0.0,0.0,1
1.929,-25.0,139.0,0.0,0.0,0.1,0.0,1
1.997,-25.0,139.0,0.0,0.0,0.1,0.0,1
2.065,-25.0,139.0,0.0,0.0,0.1,0.0,1
2.11,-25.0,139.0,0.0,0.0,0.1,0.0,1
2.181,-25.0,139.0,0.0,0.0,0.2,0.0,1
2.227,-25.0,139.0,0.0,0.0,0.2,0.0,1
2.299,-25.0,139.0,0.0,0.0,0.2,0.0,1
2.371,-25.0,139.0,0.0,0.04,0.3,0.0,1
2.417,-25.0,139.0,0.0,0.08,0.3,0.0,1
2.513,-25.0,139.0,0.0,0.11,0.3,0.0,1
2.558,-25.0,139.0,0.0,0.15,0.4,0.0,1
2.605,-25.0,139.0,0.0,0.18,0.4,0.0,1
2.705,-25.0,139.0,0.0,0.23,0.4,0.0,1
2.751,-25.0,139.0,0.0,0.27,0.5,0.0,1
2.824,-25.0,139.0,0.0,0.32,0.5,0.0,1
2.895,-25.0,139.0,0.0,0.0,0.5,0.0,1
2.942,-25.0,139.0,0.0,0.0,0.6,0.0,1
3.009,-25.0,139.0,0.0,0.0,0.6,0.0,1
3.077,-25.0,139.0,0.0,0.0,0.6,0.0,1
3.146,-25.0,139.0,0.0,0.0,0.7,0.0,1
3.215,-25.0,139.0,0.0,0.0,0.7,0.0,1
3.262,-25.0,139.0,0.0,0.0,0.7,0.0,1
3.334,-25.0,139.0,0.0,0.0,0.7,0.0,1
3.404,-25.0,139.0,0.0,0.0,0.7,0.0,1
3.45,-25.0,139.0,0.0,0.0,0.7,0.0,1
3.521,-25.0,139.0,0.0,0.0,0.7,0.0,1
3.567,-25.0,139.0,0.0,0.0,0.7,0.0,1
3.636,-25.0,139.0,0.0,0.01,0.7,0.0,1
3.726,-25.0,139.0,0.0,0.05,0.7,0.0,1
3.771,-25.0,139.0,0.0,0.08,0.7,0.0,1
3.838,-25.0,139.0,0.0,0.12,0.7,0.0,1
3.908,-25.0,139.0,0.0,0.17,0.7,0.0,1
3.977,-25.0,139.0,0.0,0.21,0.7,0.0,1
4.045,-25.0,139.0,0.0,0.25,0.7,0.0,1
4.092,-25.0,139.0,0.0,0.28,0.7,0.0,1
4.161,-25.0,139.0,0.0,0.32,0.7,0.0,1
4.227,-25.0,139.0,0.0,0.37,0.7,0.0,1
4.296,-25.0,139.0,0.0,0.41,0.7,0.0,1
4.364,-25.0,139.0,0.0,0.45,0.7,0.0,1
4.432,-25.0,139.0,0.0,0.49,0.7,0.0,1
4.48,-25.0,139.0,0.0,0.52,0.7,0.0,1
4.548,-25.0,139.0,0.0,0.57,0.7,0.0,1
4.616,-25.0,139.0,0.0,0.61,0.7,0.0,1
4.684,-25.0,139.0,0.0,0.65,0.7,0.0,1
4.73,-24.98,139.01,0.31,0.0,0.7,0.0,1
4.8,-24.93,139.03,1.22,0.0,0.7,0.0,1
4.868,-24.87,139.05,2.37,0.0,0.7,0.0,1
4.937,-24.8,139.09,3.6,0.0,0.7,0.0,1
5.006,-24.73,139.12,4.83,0.0,0.7,0.0,1
5.054,-24.68,139.14,5.66,0.0,0.7,0.0,1
5.122,-24.62,139.17,6.78,0.0,0.7,0.0,1
5.191,-24.56,139.2,7.84,0.0,0.7,0.0,1
5.259,-24.5,139.23,8.85,0.0,0.7,0.0,1
5.327,-24.45,139.26,9.8,0.0,0.7,0.0,1
5.394,-24.41,139.29,10.68,0.0,0.7,0.0,1
5.44,-24.38,139.31,11.19,0.03,0.0,0.0,1
5.508,-24.33,139.33,11.62,0.08,0.0,0.0,1
5.554,-24.29,139.34,11.7,0.12,0.0,0.0,1
5.62,-24.25,139.35,11.72,0.16,0.0,0.0,1
5.71,-24.22,139.36,11.71,0.2,0.0,0.0,1
5.755,-24.19,139.36,11.72,0.23,0.0,0.0,1
5.822,-24.17,139.37,11.72,0.27,0.0,0.0,1
5.891,-24.13,139.37,11.71,0.32,0.0,0.0,1
5.961,-24.1,139.38,11.71,0.36,0.0,0.0,1
6.03,-24.06,139.39,11.71,0.4,0.0,0.0,1
6.075,-24.03,139.4,11.71,0.43,0.0,0.0,1
6.143,-23.99,139.4,11.71,0.47,0.0,0.0,1
6.211,-23.94,139.42,11.71,0.52,0.0,0.0,1
6.28,-23.88,139.43,11.71,0.56,0.0,0.0,1
6.349,-23.81,139.44,11.71,0.6,0.0,0.0,1
6.394,-23.74,139.46,11.77,0.63,0.1,0.0,1
6.462,-23.68,139.47,11.89,0.67,0.1,0.0,1
6.53,-23.59,139.49,11.94,0.72,0.0,0.0,1
6.6,-23.49,139.51,11.95,0.76,0.0,0.0,1
6.67,-23.37,139.54,11.95,0.8,0.0,0.0,1
6.738,-23.24,139.57,11.96,0.83,0.0,0.0,1
6.782,-23.15,139.59,11.96,0.87,0.0,0.0,1
6.848,-22.99,139.62,11.96,0.91,0.0,0.0,1
6.915,-22.81,139.66,11.96,0.96,0.0,0.0,1
6.986,-22.58,139.71,11.96,1.0,0.0,0.0,1
7.032,-22.33,139.76,11.96,0.0,0.0,0.0,1
7.104,-22.14,139.8,11.96,0.0,0.0,0.0,1
7.174,-21.87,139.86,11.96,0.0,0.0,0.0,1
7.243,-21.59,139.92,11.96,0.0,0.0,0.0,1
7.289,-21.34,139.97,11.96,0.0,0.0,0.0,1
7.379,-21.1,140.02,11.96,0.0,0.0,0.0,1
7.422,-20.95,140.05,11.96,0.0,0.0,0.0,1
7.491,-20.72,140.1,11.96,0.0,0.0,0.0,1
7.56,-20.51,140.14,11.69,0.0,-0.1,0.0,1
7.631,-20.3,140.17,11.23,0.0,-0.1,0.0,1
7.678,-20.17,140.19,10.93,0.0,-0.1,0.0,1
7.75,-19.99,140.21,10.27,0.0,-0.2,0.0,1
7.821,-19.81,140.23,9.49,0.0,-0.2,0.0,1
7.867,-19.7,140.23,8.99,0.0,-0.2,0.0,1
7.935,-19.55,140.24,8.22,0.0,-0.3,0.0,1
8.001,-19.41,140.24,7.32,0.0,-0.3,0.0,1
8.071,-19.27,140.24,6.43,0.0,0.0,0.0,1
8.139,-19.14,140.24,6.21,0.0,0.0,0.0,1
8.207,-19.02,140.26,6.21,0.01,0.0,0.0,1
8.254,-18.94,140.26,6.21,0.04,0.0,0.0,1
8.322,-18.84,140.28,6.21,0.08,0.0,0.0,1
8.39,-18.74,140.29,6.21,0.13,0.0,0.0,1
8.458,-18.64,140.3,6.21,0.17,0.0,0.0,1
8.527,-18.55,140.31,6.21,0.21,0.0,0.0,1
8.572,-18.49,140.31,6.21,0.24,0.0,0.0,1
8.64,-18.39,140.32,6.21,0.28,0.0,0.0,1
8.687,-18.3,140.33,6.21,0.33,0.0,0.0,1
8.778,-18.21,140.34,6.21,0.0,0.0,0.0,1
8.847,-18.11,140.36,6.21,0.0,0.0,0.0,1
8.893,-18.05,140.36,6.21,0.0,0.0,0.0,1
8.962,-17.96,140.37,6.21,0.0,0.0,0.0,1
9.032,-17.88,140.38,6.21,0.0,0.0,0.0,1
9.1,-17.8,140.39,6.21,0.0,0.0,0.0,1
9.167,-17.72,140.4,6.21,0.0,0.0,0.0,1
9.236,-17.65,140.41,6.21,0.0,0.0,0.0,1
9.282,-17.61,140.41,6.21,0.0,0.0,0.0,1
9.352,-17.54,140.42,6.21,0.0,0.0,0.0,1
9.423,-17.48,140.42,6.1,0.0,-0.1,0.0,1
9.47,-17.44,140.42,6.01,0.0,-0.1,0.0,1
9.54,-17.38,140.43,5.88,0.0,-0.1,0.0,1
9.608,-17.33,140.43,5.68,0.0,-0.2,0.0,1
9.678,-17.28,140.43,5.45,0.0,-0.2,0.0,1
9.724,-17.25,140.43,5.31,0.0,-0.2,0.0,1
9.796,-17.21,140.43,5.06,0.0,-0.3,0.0,1
9.866,-17.16,140.42,4.79,0.0,0.0,0.0,1
9.936,-17.13,140.42,4.72,0.04,0.0,0.0,1
10.003,-17.1,140.43,4.73,0.07,0.0,0.0,1
10.047,-17.08,140.43,4.73,0.11,0.0,0.0,1
10.116,-17.05,140.43,4.73,0.16,0.0,0.0,1
10.183,-17.03,140.43,4.74,0.2,0.0,0.0,1
10.249,-17.0,140.43,4.74,0.24,0.0,0.0,1
10.315,-16.98,140.44,4.74,0.28,0.0,0.0,1
10.384,-16.96,140.44,4.74,0.32,0.0,0.0,1
10.452,-16.93,140.44,4.74,0.35,0.0,0.0,1
10.496,-16.91,140.44,4.73,0.39,0.0,0.0,1
10.565,-16.88,140.44,4.72,0.44,0.0,0.0,1
10.61,-16.84,140.45,4.72,0.48,0.0,0.0,1
10.677,-16.8,140.45,4.72,0.52,0.0,0.0,1
10.767,-16.75,140.46,4.73,0.0,0.0,0.0,1
10.833,-16.69,140.46,4.72,0.0,0.0,0.0,1
10.879,-16.64,140.46,4.72,0.0,0.0,0.0,1
10.949,-16.57,140.47,4.72,0.0,0.0,0.0,1
11.016,-16.5,140.48,4.72,0.0,0.0,0.0,1
11.062,-16.44,140.48,4.72,0.0,0.0,0.0,1
11.152,-16.38,140.48,4.62,0.0,-0.1,0.0,1
11.22,-16.32,140.49,4.48,0.0,-0.1,0.0,1
11.265,-16.28,140.49,4.4,0.0,-0.1,0.0,1
11.333,-16.23,140.49,4.19,0.0,-0.2,0.0,1
11.4,-16.18,140.48,3.96,0.0,-0.2,0.0,1
11.47,-16.13,140.48,3.74,0.0,-0.2,0.0,1
11.538,-16.09,140.48,3.47,0.0,-0.3,0.0,1
11.585,-16.06,140.48,3.27,0.0,-0.3,0.0,1
11.654,-16.02,140.48,3.15,0.0,0.0,0.0,1
11.7,-15.98,140.48,3.15,0.0,0.0,0.0,1
11.792,-15.95,140.48,3.15,0.0,0.0,0.0,1
11.838,-15.92,140.48,3.15,0.0,0.0,0.0,1
11.908,-15.89,140.48,3.15,0.0,0.0,0.0,1
11.977,-15.86,140.48,3.15,0.0,0.0,0.0,1
12.045,-15.83,140.49,3.15,0.0,0.0,0.0,1
12.113,-15.8,140.49,3.15,0.0,0.0,0.0,1
12.158,-15.79,140.49,3.15,0.0,0.0,0.0,1
12.225,-15.76,140.49,3.15,0.0,0.0,0.0,1
12.294,-15.74,140.49,3.15,0.0,0.0,0.0,1
12.363,-15.72,140.49,3.15,0.0,0.0,0.0,1
12.431,-15.7,140.49,3.15,0.0,0.0,0.0,1
12.475,-15.68,140.49,3.15,0.0,0.0,0.0,1
12.544,-15.67,140.5,3.15,0.0,0.0,0.0,1
12.615,-15.65,140.5,3.15,0.0,0.0,0.0,1
12.683,-15.64,140.5,3.15,0.0,0.0,0.6,1
12.731,-15.64,140.5,3.15,0.0,0.0,1.0,1
12.798,-15.64,140.5,3.15,0.0,0.0,0.0,1
12.866,-15.64,140.5,3.15,0.0,0.0,0.0,1
12.934,-15.64,140.5,3.15,0.0,0.0,0.0,1
13.002,-15.64,140.5,3.15,0.0,0.0,0.0,1
13.049,-15.64,140.5,3.15,0.0,0.0,0.0,1
13.139,-15.64,140.5,3.15,0.0,0.0,0.0,1
13.185,-15.63,140.5,3.15,0.0,0.0,0.0,1
13.253,-15.63,140.5,3.15,0.0,0.0,0.0,1
13.321,-15.63,140.5,3.15,0.0,0.0,0.0,1
13.388,-15.63,140.5,3.15,0.0,0.0,0.0,1
13.455,-15.63,140.5,3.15,0.0,0.0,0.0,1
13.503,-15.63,140.5,3.15,0.0,0.0,0.0,1
13.572,-15.63,140.5,3.15,0.0,0.0,0.0,1
13.641,-15.63,140.5,3.15,0.0,0.0,0.0,1
13.712,-15.63,140.5,3.15,0.0,0.0,0.0,1
13.758,-15.63,140.5,3.15,0.0,0.0,0.0,1
13.827,-15.63,140.5,3.15,0.0,0.0,0.0,1
13.896,-15.63,140.5,3.15,0.0,0.0,0.0,1
13.941,-15.63,140.5,3.15,0.0,0.0,0.0,1
14.032,-15.63,140.5,3.15,0.0,0.0,0.0,1
14.099,-15.63,140.5,3.15,0.0,0.0,0.0,1
14.145,-15.63,140.5,3.15,0.0,0.0,0.0,1
14.214,-15.63,140.5,3.15,0.0,0.0,0.0,1
14.283,-15.63,140.5,3.15,0.0,0.0,0.0,1
14.35,-15.63,140.5,3.15,0.0,0.0,0.0,1
14.417,-15.63,140.5,3.15,0.0,0.0,0.0,1
14.464,-15.63,140.5,3.15,0.0,0.0,0.0,1
14.531,-15.63,140.5,3.15,0.0,0.0,0.0,1
14.598,-15.63,140.5,3.15,0.0,0.0,0.0,1
14.667,-15.63,140.5,3.15,0.0,0.0,0.0,1
14.714,-15.63,140.5,3.15,0.0,0.0,0.0,1
14.784,-15.63,140.5,3.15,0.0,0.0,0.0,1
14.852,-15.63,140.5,3.15,0.0,0.0,0.0,1
14.896,-15.63,140.5,3.15,0.0,0.0,0.0,1
14.984,-15.63,140.5,3.15,0.0,0.0,0.0,1
15.054,-15.63,140.5,3.15,0.0,0.0,0.0,1
15.121,-15.63,140.5,3.15,0.0,0.0,0.0,1
15.188,-15.63,140.5,3.15,0.0,0.0,0.0,1
15.233,-15.63,140.5,3.15,0.0,0.0,0.0,1
15.3,-15.63,140.5,3.15,0.0,0.0,0.0,1
15.346,-15.63,140.5,3.15,0.0,0.0,0.0,1
15.439,-15.63,140.5,3.15,0.0,0.0,0.0,1
15.485,-15.63,140.5,3.15,0.0,0.0,0.0,1
15.555,-15.63,140.5,3.15,0.0,0.0,0.0,1
15.623,-15.63,140.5,3.15,0.0,0.0,0.0,1
15.691,-15.63,140.5,3.15,0.0,0.0,0.0,1
15.758,-15.63,140.5,3.15,0.0,0.0,0.0,1
15.826,-15.63,140.5,3.15,0.0,0.0,0.0,1
15.872,-15.63,140.5,3.15,0.0,0.0,0.0,1
15.938,-15.63,140.5,3.15,0.0,0.0,0.0,1
16.005,-15.63,140.5,3.15,0.0,0.0,0.0,1
16.072,-15.63,140.5,3.15,0.0,0.0,0.0,1
16.115,-15.63,140.5,3.15,0.0,0.0,0.0,1
16.208,-15.63,140.5,3.15,0.0,0.0,0.0,-1
16.253,-15.63,140.5,3.15,0.0,0.0,0.0,-1
16.321,-15.63,140.5,3.15,0.0,0.0,0.0,-1
16.39,-15.63,140.5,3.15,0.0,0.0,0.0,-1
16.457,-15.63,140.5,3.15,0.0,0.0,0.0,-1
16.526,-15.63,140.5,3.15,0.0,0.0,0.0,-1
16.593,-15.63,140.5,3.15,0.0,0.0,0.0,-1
16.639,-15.63,140.5,3.15,0.0,0.0,0.0,-1
16.706,-15.63,140.5,3.15,0.0,0.0,0.0,-1
16.775,-15.63,140.5,3.15,0.0,0.0,0.0,-1
16.842,-15.63,140.5,3.15,0.0,0.0,0.0,-1
16.907,-15.63,140.5,3.15,0.0,0.0,0.0,-1
16.975,-15.63,140.5,3.15,0.0,0.0,0.0,-1
17.041,-15.63,140.5,3.15,0.0,0.0,0.0,-1
17.087,-15.63,140.5,3.15,0.0,0.0,0.0,-1
17.156,-15.63,140.5,3.15,0.0,0.0,0.0,-1
17.224,-15.63,140.5,3.15,0.0,0.0,0.0,-1
17.293,-15.63,140.5,3.15,0.0,0.0,0.0,-1
17.361,-15.63,140.5,3.15,0.0,0.0,0.0,-1
17.427,-15.63,140.5,3.15,0.0,0.0,0.0,-1
17.472,-15.63,140.5,3.15,0.0,0.0,0.0,-1
17.537,-15.63,140.5,3.15,0.0,0.1,0.0,-1
17.604,-15.63,140.5,3.15,0.0,0.1,0.0,-1
17.672,-15.63,140.5,3.15,0.0,0.1,0.0,-1
17.741,-15.63,140.5,3.15,0.0,0.2,0.0,-1
17.788,-15.63,140.5,3.15,0.0,0.2,0.0,-1
17.856,-15.63,140.5,3.15,0.0,0.2,0.0,-1
17.904,-15.63,140.5,3.15,0.0,0.3,0.0,-1
17.997,-15.63,140.5,3.15,0.0,0.3,0.0,-1
18.066,-15.63,140.5,3.15,0.0,0.3,0.0,-1
18.112,-15.63,140.5,3.15,0.0,0.4,0.0,-1
18.18,-15.63,140.5,3.15,0.0,0.4,0.0,-1
18.248,-15.63,140.5,3.15,0.0,0.4,0.0,-1
18.316,-15.63,140.5,3.15,0.0,0.5,0.0,-1
18.383,-15.63,140.5,3.15,0.0,0.5,0.0,-1
18.452,-15.63,140.5,3.15,0.0,0.5,0.0,-1
18.499,-15.63,140.5,3.15,0.0,0.6,0.0,-1
18.567,-15.63,140.5,3.15,0.03,0.6,0.0,-1
18.612,-15.63,140.5,3.14,0.07,0.6,0.0,-1
18.703,-15.63,140.5,3.12,0.11,0.6,0.0,-1
18.748,-15.63,140.5,3.11,0.14,0.7,0.0,-1
18.815,-15.63,140.5,3.08,0.18,0.7,0.0,-1
18.883,-15.64,140.49,3.03,0.23,0.7,0.0,-1
18.95,-15.64,140.49,2.95,0.27,0.7,0.0,-1
19.019,-15.64,140.49,2.9,0.31,0.7,0.0,-1
19.089,-15.64,140.49,2.84,0.35,0.7,0.0,-1
19.136,-15.65,140.49,2.79,0.38,0.7,0.0,-1
19.205,-15.66,140.48,2.65,0.43,0.7,0.0,-1
19.274,-15.67,140.48,2.39,0.0,0.7,0.0,-1
19.321,-15.69,140.47,1.98,0.0,0.7,0.0,-1
19.411,-15.72,140.46,1.5,0.0,0.7,0.0,-1
19.456,-15.74,140.45,1.17,0.0,0.7,0.0,-1
19.524,-15.77,140.44,0.67,0.0,0.7,0.0,-1
19.594,-15.79,140.43,0.18,0.0,0.7,0.0,-1
19.665,-15.82,140.42,-0.3,0.0,0.7,0.0,-1
19.711,-15.84,140.41,-0.59,0.0,0.7,0.0,-1
19.778,-15.86,140.4,-1.01,0.0,0.7,0.0,-1
19.845,-15.89,140.39,-1.4,0.0,0.7,0.0,-1
19.913,-15.91,140.38,-1.78,0.0,0.7,0.0,-1
19.984,-15.93,140.38,-2.16,0.0,0.7,0.0,-1
20.03,-15.94,140.37,-2.4,0.0,0.7,0.0,-1
20.098,-15.96,140.36,-2.73,0.0,0.7,0.0,-1
20.168,-15.98,140.36,-3.05,0.0,0.7,0.0,-1
20.214,-16.0,140.35,-3.35,0.02,0.7,0.0,-1
20.284,-16.01,140.35,-3.52,0.05,0.7,0.0,-1
20.355,-16.02,140.34,-3.75,0.1,0.7,0.0,-1
20.403,-16.03,140.34,-3.96,0.14,0.7,0.0,-1
20.494,-16.04,140.34,-4.13,0.18,0.7,0.0,-1
20.54,-16.05,140.34,-4.29,0.21,0.7,0.0,-1
20.607,-16.06,140.33,-4.38,0.25,0.7,0.0,-1
20.677,-16.07,140.33,-4.58,0.3,0.7,0.0,-1
20.747,-16.08,140.33,-4.76,0.34,0.7,0.0,-1
20.816,-16.1,140.32,-5.03,0.38,0.7,0.0,-1
20.863,-16.11,140.32,-5.24,0.41,0.7,0.0,-1
20.932,-16.13,140.31,-5.6,0.46,0.7,0.0,-1
21.001,-16.16,140.3,-6.1,0.5,0.7,0.0,-1
21.072,-16.2,140.29,-6.74,0.54,0.7,0.0,-1
21.119,-16.23,140.29,-7.24,0.0,0.7,0.0,-1
21.191,-16.28,140.27,-8.14,0.0,0.7,0.0,-1
21.26,-16.33,140.26,-9.06,0.0,0.7,0.0,-1
21.306,-16.37,140.25,-9.67,0.0,0.7,0.0,-1
21.376,-16.43,140.24,-10.58,0.0,0.7,0.0,-1
21.444,-16.48,140.23,-11.44,0.0,0.7,0.0,-1
21.514,-16.53,140.22,-12.27,0.0,0.7,0.0,-1
21.583,-16.58,140.22,-13.05,0.0,0.7,0.0,-1
21.632,-16.61,140.21,-13.58,0.0,0.7,0.0,-1
21.703,-16.66,140.21,-14.33,0.0,0.7,0.0,-1
21.771,-16.7,140.2,-14.99,0.03,0.7,0.0,-1
21.84,-16.73,140.2,-15.58,0.06,0.7,0.0,-1
21.888,-16.76,140.19,-15.95,0.1,0.7,0.0,-1
21.958,-16.79,140.19,-16.45,0.15,0.7,0.0,-1
22.028,-16.82,140.19,-16.91,0.19,0.7,0.0,-1
22.075,-16.84,140.19,-17.34,0.22,0.7,0.0,-1
22.145,-16.86,140.19,-17.63,0.26,0.7,0.0,-1
22.216,-16.89,140.18,-18.09,0.31,0.7,0.0,-1
22.287,-16.92,140.18,-18.6,0.35,0.7,0.0,-1
22.334,-16.94,140.18,-18.96,0.38,0.7,0.0,-1
22.404,-16.98,140.18,-19.54,0.43,0.7,0.0,-1
22.474,-17.02,140.18,-20.25,0.47,0.7,0.0,-1
22.544,-17.07,140.18,-21.08,0.5,0.7,0.0,-1
22.592,-17.11,140.18,-21.73,0.54,0.7,0.0,-1
22.664,-17.17,140.18,-22.74,0.0,0.7,0.0,-1
22.735,-17.24,140.18,-23.86,0.0,0.7,0.0,-1
22.784,-17.29,140.18,-24.69,0.0,0.7,0.0,-1
22.855,-17.37,140.19,-25.88,0.0,0.7,0.0,-1
22.925,-17.44,140.19,-27.02,0.0,0.7,0.0,-1
22.995,-17.51,140.2,-28.12,0.0,0.7,0.0,-1
23.04,-17.55,140.21,-28.81,0.0,0.7,0.0,-1
23.089,-17.61,140.22,-29.86,0.0,0.7,0.0,-1
23.16,-17.67,140.22,-30.82,0.0,0.7,0.0,-1
23.231,-17.71,140.23,-31.45,0.0,0.7,0.0,-1
23.302,-17.76,140.24,-32.32,0.0,0.0,0.0,-1
23.372,-17.81,140.26,-32.82,0.0,0.0,0.0,-1
23.419,-17.86,140.29,-32.92,0.0,0.0,0.0,-1
23.489,-17.89,140.3,-32.92,0.0,0.0,0.0,-1
23.561,-17.93,140.33,-32.92,0.0,0.0,0.0,-1
23.631,-17.96,140.35,-32.92,0.0,0.0,0.0,-1
23.677,-17.99,140.37,-32.92,0.0,0.0,0.0,-1
23.746,-18.02,140.39,-32.92,0.0,0.0,0.0,-1
23.816,-18.05,140.41,-32.92,0.0,0.0,0.0,-1
23.886,-18.08,140.43,-32.93,0.0,0.1,0.0,-1
23.934,-18.1,140.44,-32.98,0.0,0.1,0.0,-1
24.006,-18.13,140.46,-33.06,0.0,0.1,0.0,-1
24.077,-18.16,140.48,-33.15,0.0,0.2,0.0,-1
24.148,-18.19,140.49,-33.29,0.0,0.2,0.0,-1
24.195,-18.2,140.5,-33.37,0.0,0.2,0.0,-1
24.267,-18.23,140.51,-33.5,0.0,0.2,0.0,-1
24.316,-18.24,140.52,-33.61,0.0,0.3,0.0,-1
24.387,-18.27,140.53,-33.78,0.0,0.3,0.0,-1
24.456,-18.29,140.54,-33.94,0.0,0.3,0.0,-1
24.505,-18.3,140.54,-34.07,0.0,0.4,0.0,-1
24.576,-18.32,140.55,-34.26,0.0,0.4,0.0,-1
24.648,-18.34,140.56,-34.45,0.0,0.4,0.0,-1
24.719,-18.36,140.57,-34.64,0.0,0.5,0.0,-1
24.767,-18.37,140.57,-34.78,0.0,0.5,0.0,-1
24.84,-18.39,140.58,-34.98,0.0,0.5,0.0,-1
24.911,-18.4,140.58,-35.18,0.0,0.6,0.0,-1
24.958,-18.41,140.59,-35.32,0.0,0.6,0.0,-1
25.028,-18.43,140.59,-35.52,0.0,0.6,0.0,-1
25.098,-18.44,140.59,-35.71,0.0,0.7,0.0,-1
25.17,-18.45,140.6,-35.92,0.0,0.7,0.0,-1
25.218,-18.46,140.6,-36.05,0.0,0.0,0.0,-1
25.289,-18.47,140.61,-36.16,0.0,0.0,0.0,-1
25.335,-18.48,140.61,-36.18,0.02,0.0,0.0,-1
25.406,-18.49,140.62,-36.18,0.05,0.0,0.0,-1
25.476,-18.49,140.62,-36.18,0.1,0.0,0.0,-1
25.546,-18.5,140.63,-36.18,0.14,0.0,0.0,-1
25.616,-18.5,140.63,-36.18,0.17,0.0,0.0,-1
25.664,-18.51,140.63,-36.18,0.21,0.0,0.0,-1
25.734,-18.51,140.63,-36.18,0.26,0.0,0.0,-1
25.803,-18.51,140.64,-36.18,0.3,0.0,0.0,-1
25.851,-18.52,140.64,-36.17,0.33,0.0,0.0,-1
25.93,-18.53,140.65,-36.18,0.38,0.0,0.0,-1
25.999,-18.54,140.66,-36.18,0.42,0.0,0.0,-1
26.047,-18.55,140.67,-36.19,0.45,0.0,0.0,-1
26.117,-18.58,140.68,-36.16,0.5,0.0,0.0,-1
26.19,-18.61,140.7,-36.15,0.0,0.0,0.0,-1
26.26,-18.64,140.73,-36.14,0.0,0.0,0.0,-1
26.306,-18.67,140.75,-36.14,0.0,0.0,0.0,-1
26.378,-18.71,140.78,-36.14,0.0,0.0,0.0,-1
26.447,-18.75,140.81,-36.14,0.0,0.0,0.0,-1
26.494,-18.78,140.83,-36.14,0.0,0.0,0.0,-1
26.564,-18.82,140.86,-36.14,0.0,0.0,0.0,-1
26.633,-18.86,140.89,-36.14,0.0,0.0,0.0,-1
26.703,-18.9,140.92,-36.14,0.0,0.0,0.0,-1
26.752,-18.92,140.93,-36.14,0.0,0.0,0.0,-1
26.82,-18.95,140.96,-36.14,0.0,0.0,0.0,-1
26.89,-18.98,140.98,-36.14,0.0,0.0,0.0,-1
26.937,-19.01,141.0,-36.14,0.0,0.0,0.0,-1
27.007,-19.03,141.02,-36.14,0.0,0.0,0.0,-1
27.054,-19.06,141.04,-36.14,0.0,0.0,0.0,-1
27.151,-19.09,141.06,-36.14,0.0,0.0,0.0,-1
27.197,-19.1,141.07,-36.14,0.0,0.0,0.0,-1
27.267,-19.13,141.08,-36.14,0.03,0.0,0.0,-1
27.339,-19.15,141.1,-36.14,0.07,0.0,0.0,-1
27.41,-19.16,141.11,-36.14,0.1,0.0,0.0,-1
27.456,-19.17,141.12,-36.14,0.14,0.0,0.0,-1
27.528,-19.19,141.13,-36.14,0.19,0.0,0.0,-1
27.598,-19.2,141.14,-36.14,0.23,0.0,0.0,-1
27.667,-19.21,141.15,-36.13,0.26,0.0,0.0,-1
27.715,-19.22,141.15,-36.13,0.31,0.0,0.0,-1
27.785,-19.24,141.16,-36.13,0.35,0.0,0.0,-1
27.833,-19.26,141.18,-36.13,0.38,0.0,0.0,-1
27.906,-19.27,141.19,-36.13,0.43,0.0,0.0,-1
27.953,-19.3,141.21,-36.12,0.0,0.0,0.0,-1
28.047,-19.34,141.24,-36.12,0.0,0.0,0.0,-1
28.096,-19.36,141.26,-36.12,0.0,0.0,0.0,-1
28.168,-19.41,141.29,-36.12,0.0,0.0,0.0,-1
28.238,-19.45,141.32,-36.12,0.0,0.0,0.0,-1
28.287,-19.47,141.34,-36.12,0.0,0.0,0.0,-1
28.358,-19.51,141.36,-36.12,0.0,0.0,0.0,-1
28.43,-19.55,141.39,-36.12,0.0,0.0,0.0,-1
28.478,-19.57,141.41,-36.12,0.0,0.0,0.0,-1
28.55,-19.6,141.43,-36.12,0.0,0.0,0.0,-1
28.624,-19.64,141.46,-36.12,0.0,0.0,0.0,-1
28.673,-19.66,141.47,-36.12,0.0,0.0,0.0,-1
28.746,-19.69,141.49,-36.12,0.0,0.0,0.0,-1
28.818,-19.71,141.51,-36.12,0.0,0.0,0.0,-1
28.867,-19.73,141.52,-36.12,0.0,0.0,0.0,-1
28.938,-19.75,141.54,-36.12,0.04,0.0,0.0,-1
28.984,-19.77,141.55,-36.12,0.07,0.0,0.0,-1
29.057,-19.78,141.56,-36.12,0.11,0.0,0.0,-1
29.129,-19.8,141.57,-36.12,0.16,0.0,0.0,-1
29.203,-19.81,141.58,-36.12,0.19,0.0,0.0,-1
29.251,-19.82,141.59,-36.12,0.24,0.0,0.0,-1
29.322,-19.83,141.6,-36.12,0.28,0.0,0.0,-1
29.37,-19.85,141.61,-36.12,0.32,0.0,0.0,-1
29.441,-19.86,141.62,-36.12,0.35,0.0,0.0,-1
29.488,-19.88,141.63,-36.11,0.0,0.0,0.0,-1
29.571,-19.9,141.65,-36.11,0.0,0.0,0.0,-1
29.643,-19.93,141.67,-36.11,0.0,0.0,0.0,-1
29.69,-19.95,141.68,-36.11,0.0,0.0,0.0,-1
29.763,-19.98,141.71,-36.11,0.0,0.0,0.0,-1
29.833,-20.01,141.73,-36.11,0.0,0.0,0.0,-1
29.904,-20.03,141.75,-36.11,0.0,0.0,0.0,-1
29.952,-20.05,141.76,-36.11,0.0,0.0,0.0,-1
30.024,-20.08,141.78,-36.11,0.0,0.0,0.0,-1
30.096,-20.1,141.8,-36.11,0.0,0.0,0.0,-1
30.143,-20.12,141.81,-36.11,0.0,0.0,0.0,-1
30.192,-20.14,141.83,-36.06,0.0,-0.1,0.0,-1
30.288,-20.16,141.84,-36.0,0.0,-0.1,0.0,-1
30.336,-20.17,141.85,-35.96,0.0,-0.1,0.0,-1
30.384,-20.19,141.87,-35.86,0.0,-0.2,0.0,-1
30.457,-20.21,141.88,-35.76,0.0,-0.2,0.0,-1
30.527,-20.22,141.89,-35.69,0.0,-0.2,0.0,-1
30.599,-20.23,141.91,-35.56,0.0,-0.3,0.0,-1
30.648,-20.25,141.92,-35.43,0.0,-0.3,0.0,-1
30.72,-20.26,141.93,-35.34,0.0,-0.3,0.0,-1
30.792,-20.27,141.94,-35.19,0.0,-0.4,0.0,-1
30.864,-20.28,141.95,-35.04,0.0,-0.4,0.0,-1
30.913,-20.29,141.96,-34.94,0.0,-0.4,0.0,-1
30.984,-20.3,141.97,-34.81,0.05,-0.5,0.0,-1
31.055,-20.31,141.98,-34.68,0.09,-0.5,0.0,-1
31.103,-20.31,141.99,-34.6,0.12,-0.5,0.0,-1
31.174,-20.32,141.99,-34.47,0.0,-0.6,0.0,-1
31.247,-20.33,142.0,-34.35,0.0,0.0,0.0,-1
31.317,-20.34,142.01,-34.32,0.0,0.0,0.0,-1
31.364,-20.34,142.02,-34.32,0.0,0.0,0.0,-1
31.435,-20.35,142.02,-34.33,0.02,0.0,0.0,-1
31.483,-20.36,142.03,-34.33,0.05,0.0,0.0,-1
31.554,-20.37,142.03,-34.33,0.09,0.0,0.0,-1
31.602,-20.37,142.04,-34.33,0.14,0.0,0.0,-1
31.695,-20.38,142.04,-34.33,0.18,0.0,0.0,-1
31.742,-20.38,142.04,-34.33,0.21,0.0,0.0,-1
31.815,-20.39,142.05,-34.33,0.26,0.0,0.0,-1
31.887,-20.39,142.05,-34.33,0.3,0.0,0.0,-1
31.935,-20.4,142.05,-34.32,0.33,0.0,0.0,-1
32.005,-20.4,142.06,-34.33,0.38,0.0,0.0,-1
32.076,-20.42,142.07,-34.34,0.42,0.0,0.0,-1
32.123,-20.43,142.08,-34.35,0.45,0.0,0.0,-1
32.194,-20.45,142.09,-34.34,0.49,0.0,0.0,-1
32.265,-20.48,142.11,-34.34,0.0,0.0,0.0,-1
32.337,-20.52,142.14,-34.34,0.0,0.0,0.0,-1
32.384,-20.55,142.16,-34.34,0.0,0.0,0.0,-1
32.458,-20.6,142.19,-34.34,0.0,0.0,0.0,-1
32.53,-20.64,142.22,-34.33,0.0,0.0,0.0,-1
32.577,-20.67,142.24,-34.25,0.0,-0.1,0.0,-1
32.649,-20.71,142.27,-34.13,0.0,-0.1,0.0,-1
32.698,-20.75,142.3,-34.01,0.0,-0.1,0.0,-1
32.769,-20.77,142.32,-33.87,0.0,-0.2,0.0,-1
32.817,-20.8,142.35,-33.67,0.0,-0.2,0.0,-1
32.911,-20.83,142.37,-33.48,0.0,-0.2,0.0,-1
32.958,-20.85,142.39,-33.33,0.0,-0.3,0.0,-1
33.03,-20.88,142.42,-33.07,0.0,-0.3,0.0,-1
33.103,-20.91,142.44,-32.83,0.0,-0.3,0.0,-1
33.151,-20.93,142.46,-32.64,0.0,-0.4,0.0,-1
33.221,-20.95,142.48,-32.36,0.0,-0.4,0.0,-1
33.292,-20.97,142.5,-32.09,0.0,-0.4,0.0,-1
33.339,-20.98,142.51,-31.89,0.0,-0.5,0.0,-1
33.408,-21.0,142.53,-31.59,0.0,-0.5,0.0,-1
33.478,-21.02,142.55,-31.3,0.0,-0.5,0.0,-1
33.551,-21.04,142.57,-31.0,0.0,-0.6,0.0,-1
33.597,-21.05,142.58,-30.79,0.0,-0.6,0.0,-1
33.67,-21.06,142.6,-30.48,0.0,-0.6,0.0,-1
33.717,-21.07,142.61,-30.18,0.0,-0.7,0.0,-1
33.787,-21.09,142.63,-29.87,0.0,-0.7,0.0,-1
33.857,-21.09,142.64,-29.67,0.0,-0.7,0.0,-1
33.929,-21.1,142.65,-29.38,0.03,-0.7,0.0,-1
34.0,-21.11,142.66,-29.15,0.07,-0.7,0.0,-1
34.048,-21.12,142.67,-29.0,0.1,-0.7,0.0,-1
34.117,-21.13,142.68,-28.82,0.15,-0.7,0.0,-1
34.188,-21.13,142.68,-28.66,0.19,-0.7,0.0,-1
34.236,-21.14,142.69,-28.52,0.22,-0.7,0.0,-1
34.306,-21.14,142.7,-28.4,0.0,-0.7,0.0,-1
34.377,-21.15,142.71,-28.12,0.0,-0.7,0.0,-1
34.445,-21.17,142.72,-27.83,0.0,-0.7,0.0,-1
34.514,-21.18,142.74,-27.52,0.0,-0.7,0.0,-1
34.564,-21.19,142.75,-27.3,0.0,-0.7,0.0,-1
34.611,-21.2,142.76,-27.0,0.0,-0.7,0.0,-1
34.704,-21.21,142.77,-26.73,0.0,-0.7,0.0,-1
34.751,-21.22,142.78,-26.55,0.0,-0.7,0.0,-1
34.823,-21.23,142.79,-26.29,0.01,-0.7,0.0,-1
34.895,-21.24,142.8,-26.06,0.05,-0.7,0.0,-1
34.943,-21.24,142.81,-25.93,0.08,-0.7,0.0,-1
35.012,-21.25,142.82,-25.76,0.13,-0.7,0.0,-1
35.084,-21.26,142.83,-25.56,0.0,-0.7,0.0,-1
35.132,-21.27,142.84,-25.33,0.0,-0.7,0.0,-1
35.202,-21.27,142.84,-25.18,0.02,-0.7,0.0,-1
35.273,-21.28,142.85,-24.99,0.07,-0.7,0.0,-1
35.343,-21.29,142.86,-24.79,0.0,-0.7,0.0,-1
35.414,-21.3,142.87,-24.59,0.0,-0.7,0.0,-1
35.46,-21.31,142.88,-24.47,0.03,-0.7,0.0,-1
35.529,-21.31,142.88,-24.28,0.07,-0.7,0.0,-1
35.602,-21.32,142.89,-24.1,0.0,-0.7,0.0,-1
35.651,-21.33,142.9,-23.97,0.0,-0.7,0.0,-1
35.723,-21.33,142.9,-23.8,0.04,-0.7,0.0,-1
35.77,-21.34,142.91,-23.66,0.07,-0.7,0.0,-1
35.842,-21.34,142.91,-23.56,0.11,-0.7,0.0,-1
35.916,-21.35,142.92,-23.4,0.16,-0.7,0.0,-1
35.964,-21.35,142.92,-23.3,0.19,-0.7,0.0,-1
36.034,-21.36,142.93,-23.17,0.23,-0.7,0.0,-1
36.104,-21.36,142.94,-23.02,0.28,-0.7,0.0,-1
36.15,-21.37,142.94,-22.88,0.32,-0.7,0.0,-1
36.244,-21.38,142.95,-22.66,0.0,-0.7,0.0,-1
36.291,-21.39,142.96,-22.45,0.0,-0.7,0.0,-1
36.363,-21.4,142.98,-22.08,0.0,-0.7,0.0,-1
36.433,-21.42,142.99,-21.71,0.0,-0.7,0.0,-1
36.48,-21.43,143.0,-21.47,0.0,-0.7,0.0,-1
36.552,-21.45,143.02,-21.11,0.0,-0.7,0.0,-1
36.625,-21.46,143.03,-20.76,0.0,-0.7,0.0,-1
36.672,-21.47,143.04,-20.54,0.0,-0.7,0.0,-1
36.742,-21.49,143.05,-20.24,0.0,-0.7,0.0,-1
36.813,-21.5,143.06,-19.94,0.0,-0.7,0.0,-1
36.882,-21.51,143.07,-19.67,0.0,-0.7,0.0,-1
36.931,-21.52,143.08,-19.49,0.0,-0.7,0.0,-1
37.0,-21.53,143.09,-19.25,0.0,-0.7,0.0,-1
37.067,-21.54,143.1,-19.02,0.0,-0.7,0.0,-1
37.136,-21.55,143.11,-18.8,0.0,-0.7,0.0,-1
37.183,-21.56,143.12,-18.66,0.0,-0.7,0.0,-1
37.253,-21.57,143.12,-18.46,0.0,-0.7,0.0,-1
37.323,-21.58,143.13,-18.27,0.0,-0.7,0.0,-1
37.393,-21.59,143.14,-18.11,0.02,-0.7,0.0,-1
37.441,-21.59,143.14,-18.0,0.05,-0.7,0.0,-1
37.515,-21.6,143.15,-17.85,0.0,-0.7,0.0,-1
37.588,-21.61,143.15,-17.68,0.0,-0.7,0.0,-1
37.636,-21.61,143.16,-17.58,0.01,-0.7,0.0,-1
37.706,-21.62,143.16,-17.4,0.05,-0.7,0.0,-1
37.775,-21.63,143.17,-17.26,0.09,-0.7,0.0,-1
37.823,-21.63,143.17,-17.15,0.0,-0.7,0.0,-1
37.894,-21.64,143.18,-16.99,0.0,-0.7,0.0,-1
37.965,-21.65,143.19,-16.82,0.04,-0.7,0.0,-1
38.011,-21.65,143.19,-16.71,0.07,-0.7,0.0,-1
38.081,-21.66,143.2,-16.55,0.0,-0.7,0.0,-1
38.15,-21.67,143.2,-16.4,0.01,-0.7,0.0,-1
38.219,-21.67,143.21,-16.22,0.05,-0.7,0.0,-1
38.266,-21.68,143.21,-16.08,0.08,-0.7,0.0,-1
38.338,-21.69,143.22,-15.96,0.0,-0.7,0.0,-1
38.407,-21.69,143.22,-15.8,0.0,-0.7,0.0,-1
38.455,-21.7,143.23,-15.64,0.02,-0.7,0.0,-1
38.531,-21.71,143.23,-15.54,0.06,-0.7,0.0,-1
38.603,-21.71,143.24,-15.4,0.1,-0.7,0.0,-1
38.673,-21.72,143.24,-15.28,0.13,-0.7,0.0,-1
38.721,-21.72,143.25,-15.21,0.17,-0.7,0.0,-1
38.789,-21.73,143.25,-15.09,0.22,-0.7,0.0,-1
38.861,-21.74,143.25,-14.94,0.0,-0.7,0.0,-1
38.931,-21.75,143.26,-14.72,0.0,-0.7,0.0,-1
38.98,-21.75,143.27,-14.56,0.0,-0.7,0.0,-1
39.051,-21.77,143.28,-14.34,0.0,-0.7,0.0,-1
39.121,-21.78,143.28,-14.12,0.0,-0.7,0.0,-1
39.17,-21.78,143.29,-13.97,0.0,-0.7,0.0,-1
39.242,-21.79,143.3,-13.76,0.0,-0.7,0.0,-1
39.312,-21.8,143.3,-13.57,0.0,-0.7,0.0,-1
39.359,-21.81,143.31,-13.45,0.0,-0.7,0.0,-1
39.43,-21.82,143.31,-13.27,0.0,-0.7,0.0,-1
39.476,-21.83,143.32,-13.11,0.0,-0.7,0.0,-1
39.568,-21.83,143.32,-12.96,0.0,-0.7,0.0,-1
39.614,-21.84,143.33,-12.81,0.0,-0.7,0.0,-1
39.682,-21.85,143.33,-12.72,0.0,-0.7,0.0,-1
39.752,-21.85,143.34,-12.59,0.0,-0.7,0.0,-1
39.823,-21.86,143.34,-12.46,0.0,-0.7,0.0,-1
39.872,-21.86,143.34,-12.38,0.0,-0.7,0.0,-1
39.941,-21.87,143.35,-12.27,0.01,-0.7,0.0,-1
40.011,-21.87,143.35,-12.16,0.05,-0.7,0.0,-1
40.081,-21.88,143.35,-12.07,0.09,-0.7,0.0,-1
40.125,-21.88,143.36,-12.03,0.12,-0.7,0.0,-1
40.195,-21.89,143.36,-11.92,0.0,-0.7,0.0,-1
40.266,-21.89,143.36,-11.8,0.0,-0.7,0.0,-1
40.336,-21.9,143.37,-11.68,0.03,-0.7,0.0,-1
40.405,-21.9,143.37,-11.58,0.06,-0.7,0.0,-1
40.451,-21.91,143.37,-11.51,0.0,-0.7,0.0,-1
40.522,-21.91,143.38,-11.4,0.0,-0.7,0.0,-1
40.572,-21.92,143.38,-11.3,0.03,-0.7,0.0,-1
40.621,-21.92,143.38,-11.17,0.0,-0.7,0.0,-1
40.719,-21.93,143.39,-11.05,0.0,-0.7,0.0,-1
40.766,-21.93,143.39,-10.98,0.01,-0.7,0.0,-1
40.835,-21.94,143.39,-10.9,0.06,-0.7,0.0,-1
40.909,-21.94,143.39,-10.81,0.0,-0.7,0.0,-1
40.956,-21.95,143.4,-10.74,0.0,-0.7,0.0,-1
41.025,-21.95,143.4,-10.64,0.02,-0.7,0.0,-1
41.094,-21.96,143.4,-10.54,0.07,-0.7,0.0,-1
41.164,-21.96,143.41,-10.44,0.0,-0.7,0.0,-1
41.233,-21.97,143.41,-10.33,0.0,-0.7,0.0,-1
41.28,-21.97,143.41,-10.26,0.0,-0.7,0.0,-1
41.349,-21.98,143.42,-10.16,0.0,-0.7,0.0,-1
41.419,-21.98,143.42,-10.06,0.0,-0.7,0.0,-1
41.487,-21.98,143.42,-9.97,0.0,-0.7,0.0,-1
41.534,-21.99,143.42,-9.91,0.0,-0.7,0.0,-1
41.602,-21.99,143.43,-9.82,0.0,-0.7,0.0,-1
41.671,-22.0,143.43,-9.74,0.0,-0.7,0.0,-1
41.717,-22.0,143.43,-9.67,0.0,-0.7,0.0,-1
41.807,-22.0,143.43,-9.6,0.0,-0.7,0.0,-1
41.853,-22.01,143.43,-9.55,0.0,-0.7,0.0,-1
41.923,-22.01,143.44,-9.49,0.0,-0.7,0.0,-1
41.994,-22.01,143.44,-9.42,0.0,-0.7,0.0,-1
42.062,-22.02,143.44,-9.37,0.0,-0.7,0.0,-1
42.131,-22.02,143.44,-9.33,0.0,-0.7,0.0,-1
42.178,-22.02,143.44,-9.33,0.0,-0.7,0.0,-1
42.249,-22.02,143.44,-9.33,0.0,-0.7,0.0,-1
42.317,-22.02,143.44,-9.33,0.0,-0.7,0.0,-1
42.362,-22.02,143.44,-9.32,0.0,-0.7,0.0,-1
42.432,-22.02,143.44,-9.32,0.04,-0.7,0.0,-1
42.502,-22.02,143.44,-9.3,0.09,-0.7,0.0,-1
42.571,-22.02,143.44,-9.28,0.0,-0.7,0.0,-1
42.64,-22.02,143.44,-9.25,0.0,-0.7,0.0,-1
42.687,-22.02,143.44,-9.22,0.0,-0.7,0.0,-1
42.757,-22.02,143.44,-9.18,0.0,-0.7,0.0,-1
42.827,-22.03,143.45,-9.14,0.0,-0.7,0.0,-1
42.896,-22.03,143.45,-9.11,0.0,-0.7,0.0,-1
42.942,-22.03,143.45,-9.09,0.0,-0.7,0.0,-1
43.015,-22.03,143.45,-9.05,0.0,-0.7,0.0,-1
43.085,-22.03,143.45,-9.02,0.0,-0.7,0.0,-1
43.153,-22.03,143.45,-8.99,0.0,-0.7,0.0,-1
43.199,-22.04,143.45,-8.97,0.0,-0.7,0.0,-1
43.268,-22.04,143.45,-8.95,0.0,-0.7,0.0,-1
43.337,-22.04,143.45,-8.92,0.0,-0.7,0.0,-1
43.383,-22.04,143.45,-8.91,0.04,-0.7,0.0,-1
43.452,-22.04,143.45,-8.9,0.07,-0.7,0.0,-1
43.521,-22.04,143.45,-8.88,0.11,-0.7,0.0,-1
43.569,-22.04,143.45,-8.89,0.16,-0.7,0.0,-1
43.663,-22.04,143.45,-8.88,0.2,-0.7,0.0,-1
43.71,-22.04,143.45,-8.88,0.23,-0.7,0.0,-1
43.78,-22.04,143.45,-8.89,0.28,-0.7,0.0,-1
43.85,-22.04,143.45,-8.88,0.32,-0.7,0.0,-1
43.899,-22.04,143.45,-8.84,0.35,-0.7,0.0,-1
43.968,-22.05,143.46,-8.67,0.39,-0.7,0.0,-1
44.037,-22.06,143.46,-8.44,0.0,-0.7,0.0,-1
44.083,-22.08,143.48,-8.08,0.0,-0.7,0.0,-1
44.177,-22.1,143.49,-7.68,0.0,-0.7,0.0,-1
44.225,-22.12,143.5,-7.4,0.0,-0.7,0.0,-1
44.295,-22.14,143.51,-7.0,0.0,-0.7,0.0,-1
44.341,-22.16,143.52,-6.61,0.0,-0.7,0.0,-1
44.412,-22.17,143.53,-6.37,0.0,-0.7,0.0,-1
44.482,-22.19,143.54,-6.01,0.0,-0.7,0.0,-1
44.528,-22.21,143.55,-5.69,0.0,0.0,0.0,-1
44.623,-22.23,143.55,-5.5,0.0,0.0,0.0,-1
44.672,-22.24,143.55,-5.47,0.0,0.0,0.0,-1
44.742,-22.26,143.55,-5.47,0.0,0.0,0.2,-1
44.812,-22.26,143.55,-5.47,0.0,0.0,1.0,-1
44.858,-22.26,143.55,-5.47,0.0,0.0,1.0,-1
44.927,-22.26,143.55,-5.46,0.0,0.0,1.0,-1
44.973,-22.26,143.55,-5.46,0.0,0.0,1.0,-1
45.067,-22.26,143.55,-5.46,0.0,0.0,1.0,-1
45.137,-22.26,143.55,-5.46,0.0,0.0,1.0,-1
45.184,-22.26,143.55,-5.46,0.0,0.0,0.0,-1
45.253,-22.26,143.55,-5.46,0.0,0.0,0.0,-1
45.321,-22.26,143.55,-5.46,0.0,0.0,0.0,-1
45.388,-22.26,143.55,-5.46,0.0,0.0,0.0,-1
45.455,-22.26,143.55,-5.46,0.0,0.0,0.0,-1
45.522,-22.26,143.55,-5.46,0.0,0.0,0.0,-1
45.568,-22.26,143.55,-5.46,0.0,0.0,0.0,-1
45.639,-22.26,143.55,-5.46,0.0,0.0,0.0,-1
45.709,-22.26,143.55,-5.46,0.0,0.0,0.0,-1
45.754,-22.26,143.55,-5.46,0.0,0.0,0.0,-1
45.823,-22.26,143.55,-5.46,0.0,0.0,0.0,-1
45.891,-22.26,143.55,-5.46,0.0,0.0,0.0,-1
45.96,-22.26,143.55,-5.46,0.0,0.0,0.0,-1
46.028,-22.26,143.55,-5.46,0.0,0.0,0.0,-1
46.098,-22.26,143.55,-5.46,0.0,0.0,0.0,-1
46.143,-22.26,143.55,-5.46,0.0,0.0,0.0,-1
46.21,-22.26,143.55,-5.46,0.0,0.0,0.0,-1
46.277,-22.26,143.55,-5.46,0.0,0.0,0.0,1
46.347,-22.26,143.55,-5.46,0.0,0.0,0.0,1
46.417,-22.26,143.55,-5.46,0.0,0.0,0.0,1
46.46,-22.26,143.55,-5.46,0.0,0.0,0.0,1
46.528,-22.26,143.55,-5.46,0.0,0.0,0.0,1
46.597,-22.26,143.55,-5.46,0.0,0.0,0.0,1
46.668,-22.26,143.55,-5.46,0.0,0.0,0.0,1
46.715,-22.26,143.55,-5.46,0.0,0.0,0.0,1
46.785,-22.26,143.55,-5.46,0.0,0.0,0.0,1
46.855,-22.26,143.55,-5.46,0.0,0.1,0.0,1
46.902,-22.26,143.55,-5.46,0.0,0.1,0.0,1
46.994,-22.26,143.55,-5.46,0.0,0.1,0.0,1
47.04,-22.26,143.55,-5.46,0.0,0.2,0.0,1
47.11,-22.26,143.55,-5.46,0.0,0.2,0.0,1
47.179,-22.26,143.55,-5.46,0.0,0.2,0.0,1
47.248,-22.26,143.55,-5.47,0.01,0.3,0.0,1
47.316,-22.26,143.55,-5.45,0.04,0.3,0.0,1
47.362,-22.26,143.55,-5.45,0.08,0.3,0.0,1
47.432,-22.26,143.55,-5.45,0.0,0.4,0.0,1
47.5,-22.26,143.55,-5.43,0.0,0.4,0.0,1
47.568,-22.25,143.56,-5.41,0.0,0.4,0.0,1
47.614,-22.25,143.56,-5.4,0.0,0.4,0.0,1
47.684,-22.25,143.56,-5.37,0.0,0.5,0.0,1
47.732,-22.25,143.56,-5.35,0.0,0.5,0.0,1
47.825,-22.25,143.56,-5.33,0.0,0.5,0.0,1
47.872,-22.25,143.56,-5.31,0.0,0.6,0.0,1
47.941,-22.24,143.56,-5.28,0.0,0.6,0.0,1
48.011,-22.24,143.56,-5.26,0.0,0.6,0.0,1
48.059,-22.24,143.56,-5.24,0.0,0.7,0.0,1
48.129,-22.24,143.56,-5.22,0.02,0.7,0.0,1
48.199,-22.24,143.56,-5.2,0.07,0.7,0.0,1
48.27,-22.24,143.56,-5.17,0.0,0.7,0.0,1
48.317,-22.24,143.56,-5.15,0.0,0.7,0.0,1
48.387,-22.24,143.56,-5.12,0.03,0.7,0.0,1
48.435,-22.23,143.56,-5.1,0.0,0.7,0.0,1
48.528,-22.23,143.56,-5.06,0.0,0.7,0.0,1
48.574,-22.23,143.56,-5.04,0.01,0.7,0.0,1
48.644,-22.23,143.56,-5.02,0.06,0.7,0.0,1
48.714,-22.23,143.56,-4.99,0.0,0.7,0.0,1
48.783,-22.23,143.56,-4.95,0.0,0.7,0.0,1
48.828,-22.22,143.56,-4.92,0.01,0.7,0.0,1
48.898,-22.22,143.56,-4.85,0.05,0.7,0.0,1
48.945,-22.22,143.56,-4.79,0.0,0.7,0.0,1
49.037,-22.21,143.57,-4.74,0.0,0.7,0.0,1
49.084,-22.21,143.57,-4.7,0.02,0.7,0.0,1
49.152,-22.21,143.57,-4.68,0.06,0.7,0.0,1
49.22,-22.21,143.57,-4.64,0.0,0.7,0.0,1
49.289,-22.21,143.57,-4.58,0.02,0.7,0.0,1
49.335,-22.2,143.57,-4.53,0.06,0.7,0.0,1
49.405,-22.2,143.57,-4.49,0.0,0.7,0.0,1
49.473,-22.2,143.57,-4.43,0.0,0.7,0.0,1
49.52,-22.19,143.57,-4.33,0.04,0.7,0.0,1
49.61,-22.19,143.57,-4.27,0.0,0.7,0.0,1
49.68,-22.18,143.57,-4.2,0.0,0.7,0.0,1
49.748,-22.18,143.58,-4.15,0.01,0.7,0.0,1
49.794,-22.18,143.58,-4.13,0.05,0.7,0.0,1
49.865,-22.18,143.58,-4.1,0.0,0.7,0.0,1
49.933,-22.18,143.58,-4.05,0.0,0.7,0.0,1
50.0,-22.17,143.58,-3.97,0.03,0.7,0.0,1
50.045,-22.17,143.58,-3.92,0.06,0.7,0.0,1
50.115,-22.17,143.58,-3.88,0.0,0.7,0.0,1
50.182,-22.16,143.58,-3.81,0.02,0.7,0.0,1
50.251,-22.16,143.58,-3.78,0.06,0.7,0.0,1
50.298,-22.16,143.58,-3.76,0.09,0.7,0.0,1
50.369,-22.16,143.58,-3.72,0.0,0.7,0.0,1
50.441,-22.15,143.58,-3.67,0.02,0.7,0.0,1
50.51,-22.15,143.58,-3.64,0.06,0.7,0.0,1
50.58,-22.15,143.59,-3.58,0.0,0.7,0.0,1
50.626,-22.15,143.59,-3.54,0.0,0.7,0.0,1
50.673,-22.14,143.59,-3.48,0.05,0.7,0.0,1
50.766,-22.14,143.59,-3.44,0.0,0.7,0.0,1
50.835,-22.14,143.59,-3.37,0.0,0.7,0.0,1
50.881,-22.13,143.59,-3.31,0.02,0.7,0.0,1
50.951,-22.13,143.59,-3.25,0.07,0.7,0.0,1
51.022,-22.13,143.59,-3.17,0.0,0.7,0.0,1
51.091,-22.12,143.59,-3.09,0.0,0.7,0.0,1
51.139,-22.12,143.6,-3.03,0.04,0.7,0.0,1
51.21,-22.11,143.6,-2.96,0.09,0.7,0.0,1
51.277,-22.11,143.6,-2.9,0.13,0.7,0.0,1
51.346,-22.11,143.6,-2.84,0.17,0.7,0.0,1
51.391,-22.1,143.6,-2.8,0.2,0.7,0.0,1
51.462,-22.1,143.6,-2.75,0.25,0.7,0.0,1
51.508,-22.1,143.6,-2.69,0.0,0.7,0.0,1
51.579,-22.09,143.6,-2.54,0.0,0.7,0.0,1
51.646,-22.08,143.61,-2.4,0.0,0.7,0.0,1
51.714,-22.07,143.61,-2.17,0.0,0.7,0.0,1
51.782,-22.05,143.62,-1.94,0.0,0.7,0.0,1
51.826,-22.04,143.62,-1.72,0.0,0.7,0.0,1
51.893,-22.03,143.62,-1.51,0.0,0.7,0.0,1
51.984,-22.02,143.63,-1.34,0.0,0.0,0.0,1
52.052,-22.01,143.63,-1.26,0.0,0.0,0.0,1
52.097,-22.0,143.63,-1.25,0.0,0.0,0.0,1
52.166,-21.99,143.63,-1.25,0.0,0.0,0.0,1
52.235,-21.98,143.63,-1.25,0.0,0.0,0.0,1
52.305,-21.97,143.63,-1.25,0.0,0.0,0.0,1
52.35,-21.96,143.63,-1.25,0.0,0.0,0.0,1
52.419,-21.95,143.63,-1.25,0.0,0.0,0.0,1
52.487,-21.94,143.63,-1.25,0.0,0.0,0.0,1
52.555,-21.93,143.63,-1.25,0.0,0.0,0.0,1
52.625,-21.93,143.63,-1.25,0.0,0.0,0.0,1
52.672,-21.92,143.63,-1.24,0.0,0.1,0.0,1
52.742,-21.92,143.63,-1.23,0.0,0.1,0.0,1
52.811,-21.92,143.63,-1.23,0.0,0.1,0.0,1
52.881,-21.92,143.63,-1.23,0.0,0.2,0.0,1
52.928,-21.91,143.63,-1.22,0.04,0.2,0.0,1
52.999,-21.91,143.63,-1.2,0.0,0.2,0.0,1
53.068,-21.91,143.63,-1.19,0.0,0.3,0.0,1
53.134,-21.91,143.63,-1.17,0.03,0.3,0.0,1
53.202,-21.91,143.63,-1.16,0.06,0.3,0.0,1
53.248,-21.9,143.63,-1.15,0.0,0.4,0.0,1
53.316,-21.9,143.63,-1.12,0.0,0.4,0.0,1
53.386,-21.9,143.63,-1.09,0.0,0.4,0.0,1
53.454,-21.89,143.63,-1.06,0.0,0.5,0.0,1
53.5,-21.89,143.63,-1.04,0.0,0.5,0.0,1
53.566,-21.89,143.63,-1.01,0.0,0.5,0.0,1
53.634,-21.89,143.63,-0.98,0.0,0.6,0.0,1
53.705,-21.89,143.63,-0.95,0.0,0.6,0.0,1
53.774,-21.88,143.63,-0.92,0.01,0.6,0.0,1
53.82,-21.88,143.63,-0.89,0.04,0.6,0.0,1
53.889,-21.88,143.63,-0.87,0.0,0.7,0.0,1
53.96,-21.88,143.64,-0.84,0.0,0.7,0.0,1
54.007,-21.88,143.64,-0.8,0.04,0.7,0.0,1
54.078,-21.87,143.64,-0.77,0.0,0.7,0.0,1
54.147,-21.87,143.64,-0.73,0.0,0.7,0.0,1
54.217,-21.87,143.64,-0.7,0.0,0.7,0.0,1
54.263,-21.87,143.64,-0.69,0.04,0.7,0.0,1
54.355,-21.87,143.64,-0.68,0.07,0.7,0.0,1
54.402,-21.87,143.64,-0.67,0.0,0.7,0.0,1
54.472,-21.87,143.64,-0.64,0.0,0.7,0.0,1
54.516,-21.87,143.64,-0.6,0.0,0.7,0.0,1
54.605,-21.86,143.64,-0.57,0.0,0.7,0.0,1
54.672,-21.86,143.64,-0.54,0.0,0.7,0.0,1
54.718,-21.86,143.64,-0.52,0.02,0.7,0.0,1
54.787,-21.86,143.64,-0.5,0.0,0.7,0.0,1
54.855,-21.86,143.64,-0.47,0.0,0.7,0.0,1
54.925,-21.86,143.64,-0.44,0.0,0.7,0.0,1
54.971,-21.86,143.64,-0.42,0.0,0.7,0.0,1
55.041,-21.85,143.64,-0.4,0.0,0.7,0.0,1
55.111,-21.85,143.64,-0.37,0.0,0.7,0.0,1
55.179,-21.85,143.64,-0.36,0.0,0.0,0.0,1
55.245,-21.85,143.64,-0.35,0.0,0.0,0.0,1
55.29,-21.85,143.64,-0.35,0.02,0.0,0.0,1
55.358,-21.85,143.64,-0.35,0.05,0.0,0.0,1
55.428,-21.85,143.64,-0.35,0.0,0.0,0.0,1
55.473,-21.85,143.64,-0.35,0.0,0.0,0.0,1
55.565,-21.84,143.64,-0.35,0.04,0.0,0.0,1
55.611,-21.84,143.64,-0.35,0.0,0.0,0.0,1
55.678,-21.84,143.64,-0.35,0.0,0.0,0.0,1
55.747,-21.84,143.64,-0.35,0.0,0.0,0.0,1
55.816,-21.84,143.64,-0.35,0.0,0.0,0.0,1
55.884,-21.83,143.64,-0.35,0.0,0.0,0.0,1
55.944,-21.83,143.64,-0.35,0.0,0.0,0.0,1
55.989,-21.83,143.64,-0.35,0.0,0.0,0.0,1
56.082,-21.83,143.64,-0.35,0.0,0.0,0.0,1
56.127,-21.83,143.64,-0.35,0.0,0.0,0.0,1
56.194,-21.83,143.64,-0.35,0.0,0.0,0.0,1
56.267,-21.82,143.64,-0.35,0.0,0.0,0.0,1
56.338,-21.82,143.64,-0.35,0.0,0.0,0.0,1
56.384,-21.82,143.64,-0.35,0.0,0.0,0.0,1
56.452,-21.82,143.64,-0.35,0.02,0.0,0.0,1
56.52,-21.82,143.64,-0.35,0.06,0.0,0.0,1
56.565,-21.82,143.64,-0.35,0.0,0.0,0.0,1
56.655,-21.81,143.64,-0.35,0.01,0.0,0.0,1
56.702,-21.81,143.64,-0.35,0.04,0.0,0.0,1
56.769,-21.81,143.64,-0.35,0.0,0.0,0.0,1
56.839,-21.81,143.64,-0.35,0.03,0.0,0.0,1
56.907,-21.81,143.64,-0.35,0.0,0.0,0.0,1
56.976,-21.8,143.64,-0.35,0.0,0.0,0.0,1
57.023,-21.8,143.64,-0.35,0.01,0.0,0.0,1
57.091,-21.8,143.64,-0.35,0.05,0.0,0.0,1
57.161,-21.8,143.64,-0.35,0.0,0.0,0.0,1
57.229,-21.79,143.64,-0.35,0.0,0.0,0.0,1
57.298,-21.79,143.64,-0.35,0.0,0.0,0.0,1
57.343,-21.79,143.64,-0.35,0.0,0.0,0.0,1
57.41,-21.79,143.64,-0.35,0.0,0.0,0.0,1
57.479,-21.78,143.64,-0.35,0.0,0.0,0.0,1
57.525,-21.78,143.64,-0.35,0.0,0.0,0.0,1
57.618,-21.78,143.64,-0.35,0.0,0.0,0.0,1
57.664,-21.78,143.64,-0.35,0.0,0.0,0.0,1
57.733,-21.77,143.64,-0.35,0.0,0.0,0.0,1
57.801,-21.77,143.64,-0.35,0.0,0.0,0.0,1
57.869,-21.77,143.64,-0.35,0.0,0.0,0.0,1
57.938,-21.77,143.64,-0.35,0.0,0.0,0.0,1
57.985,-21.77,143.64,-0.35,0.0,0.0,0.0,1
58.053,-21.77,143.64,-0.35,0.0,0.0,0.0,1
58.122,-21.77,143.64,-0.35,0.0,0.0,0.0,1
58.192,-21.77,143.64,-0.35,0.0,0.0,0.0,1
58.238,-21.77,143.64,-0.35,0.0,0.0,0.0,1
58.306,-21.77,143.64,-0.35,0.0,0.0,0.0,1
58.373,-21.77,143.64,-0.35,0.0,0.0,0.0,1
58.441,-21.77,143.64,-0.35,0.0,0.0,0.0,1
58.488,-21.77,143.64,-0.35,0.0,0.0,0.8,1
58.556,-21.77,143.64,-0.35,0.0,0.0,1.0,1
58.626,-21.77,143.64,-0.35,0.0,0.0,1.0,1
58.692,-21.77,143.64,-0.35,0.0,0.0,0.0,1
58.762,-21.77,143.64,-0.35,0.0,0.0,0.0,1
58.83,-21.77,143.64,-0.35,0.0,0.0,0.0,1
58.898,-21.77,143.64,-0.35,0.0,0.0,0.0,1
58.944,-21.77,143.64,-0.35,0.0,0.0,0.0,1
59.011,-21.77,143.64,-0.35,0.0,0.0,0.0,1
59.078,-21.77,143.64,-0.35,0.0,0.0,0.0,1
59.123,-21.77,143.64,-0.35,0.0,0.0,0.0,1
59.212,-21.77,143.64,-0.35,0.0,0.0,0.0,1
59.258,-21.77,143.64,-0.35,0.0,0.0,0.0,1
59.327,-21.77,143.64,-0.35,0.0,0.0,0.0,1
59.394,-21.77,143.64,-0.35,0.0,0.0,0.0,1
59.462,-21.77,143.64,-0.35,0.0,0.0,0.0,1
59.507,-21.77,143.64,-0.35,0.0,0.0,0.0,1
59.583,-21.77,143.64,-0.35,0.0,0.0,0.0,1
59.65,-21.77,143.64,-0.35,0.0,0.0,0.0,1
59.718,-21.77,143.64,-0.35,0.0,0.0,0.0,1
59.787,-21.77,143.64,-0.35,0.0,0.0,0.0,1
59.855,-21.77,143.64,-0.35,0.0,0.0,0.0,1
59.9,-21.77,143.64,-0.35,0.0,0.0,0.0,1
59.968,-21.77,143.64,-0.35,0.0,0.0,0.0,1
60.038,-21.77,143.64,-0.35,0.0,0.0,0.0,1
60.107,-21.77,143.64,-0.35,0.0,0.0,0.0,1
60.177,-21.77,143.64,-0.35,0.0,0.0,0.0,1
60.244,-21.77,143.64,-0.35,0.0,0.0,0.0,1
60.29,-21.77,143.64,-0.35,0.0,0.0,0.0,1
60.358,-21.77,143.64,-0.35,0.0,0.0,0.0,1
60.426,-21.77,143.64,-0.35,0.0,0.0,0.0,1
60.495,-21.77,143.64,-0.35,0.0,0.0,0.0,1
60.539,-21.77,143.64,-0.35,0.0,0.0,0.0,1
