Time, x, y, angle, throttle, steer, brake, gear 
0.0,-25.0,139.0,0.0,0.0,0.0,0.0,1
0.07,-25.0,139.0,0.0,0.0,0.0,0.0,1
0.14,-25.0,139.0,0.0,0.0,0.0,0.0,1
0.213,-25.0,139.0,0.0,0.0,0.0,0.0,1
0.258,-25.0,139.0,0.0,0.0,0.0,0.0,1
0.307,-25.0,139.0,0.0,0.0,0.0,0.0,1
0.384,-25.0,139.0,0.0,0.0,0.0,0.0,1
0.453,-25.0,139.0,0.0,0.0,0.0,0.0,1
0.523,-25.0,139.0,0.0,0.0,0.0,0.0,1
0.593,-25.0,139.0,0.0,0.0,0.0,0.0,1
0.64,-25.0,139.0,0.0,0.0,0.0,0.0,1
0.711,-25.0,139.0,0.0,0.0,0.0,0.0,1
0.781,-25.0,139.0,0.0,0.0,0.0,0.0,1
0.838,-25.0,139.0,-0.0,0.0,0.0,0.0,1
0.884,-25.0,139.0,-0.0,0.0,0.0,0.0,1
0.974,-25.0,139.0,-0.0,0.0,0.0,0.0,1
1.02,-25.0,139.0,-0.0,0.0,0.0,0.0,1
1.089,-25.0,139.0,-0.0,0.0,0.0,0.0,1
1.157,-25.0,139.0,-0.0,0.0,0.0,0.0,1
1.227,-25.0,139.0,-0.0,0.0,0.0,0.0,1
1.295,-25.0,139.0,-0.0,0.0,0.0,0.0,1
1.34,-25.0,139.0,-0.0,0.0,0.0,0.0,1
1.409,-25.0,139.0,-0.0,0.0,0.0,0.0,1
1.477,-25.0,139.0,-0.0,0.0,0.0,0.0,1
1.546,-25.0,139.0,-0.0,0.0,0.0,0.0,1
1.614,-25.0,139.0,-0.0,0.0,0.0,0.0,1
1.683,-25.0,139.0,-0.0,0.0,0.0,0.0,1
1.731,-25.0,139.0,-0.0,0.0,0.0,0.0,1
1.801,-25.0,139.0,-0.0,0.0,0.0,0.0,1
1.849,-25.0,139.0,-0.0,0.0,0.0,0.0,1
1.918,-25.0,139.0,-0.0,0.0,0.0,0.0,1
1.987,-25.0,139.0,-0.0,0.0,0.0,0.0,1
2.057,-25.0,139.0,-0.0,0.0,0.0,0.0,1
2.126,-25.0,139.0,-0.0,0.0,0.0,0.0,1
2.173,-25.0,139.0,-0.0,0.0,0.0,0.0,1
2.242,-25.0,139.0,-0.0,0.0,0.0,0.0,1
2.314,-25.0,139.0,-0.0,0.0,0.0,0.0,1
2.383,-25.0,139.0,-0.0,0.0,0.0,0.0,1
2.43,-25.0,139.0,-0.0,0.0,0.0,0.0,1
2.5,-25.0,139.0,-0.0,0.0,0.0,0.0,1
2.568,-25.0,139.0,-0.0,0.0,0.0,0.0,1
2.636,-25.0,139.0,-0.0,0.0,0.0,0.0,1
2.704,-25.0,139.0,-0.0,0.0,0.0,0.0,1
2.75,-25.0,139.0,-0.0,0.0,0.0,0.0,1
2.817,-25.0,139.0,-0.0,0.0,0.0,0.0,1
2.864,-25.0,139.0,-0.0,0.0,0.0,0.0,1
2.957,-25.0,139.0,-0.0,0.0,0.0,0.0,1
3.003,-25.0,139.0,-0.0,0.0,0.0,0.0,1
3.074,-25.0,139.0,-0.0,0.0,0.0,0.0,1
3.144,-25.0,139.0,-0.0,0.0,0.0,0.0,1
3.213,-25.0,139.0,-0.0,0.0,0.1,0.0,1
3.28,-25.0,139.0,-0.0,0.0,0.1,0.0,1
3.326,-25.0,139.0,-0.0,0.0,0.1,0.0,1
3.397,-25.0,139.0,-0.0,0.0,0.2,0.0,1
3.466,-25.0,139.0,-0.0,0.0,0.2,0.0,1
3.533,-25.0,139.0,-0.0,0.0,0.2,0.0,1
3.582,-25.0,139.0,-0.0,0.0,0.3,0.0,1
3.651,-25.0,139.0,-0.0,0.0,0.3,0.0,1
3.722,-25.0,139.0,-0.0,0.01,0.3,0.0,1
3.791,-25.0,139.0,-0.0,0.05,0.4,0.0,1
3.839,-25.0,139.0,-0.0,0.08,0.4,0.0,1
3.908,-25.0,139.0,-0.0,0.13,0.4,0.0,1
3.976,-25.0,139.0,-0.0,0.17,0.5,0.0,1
4.046,-25.0,139.0,-0.0,0.21,0.5,0.0,1
4.093,-25.0,139.0,-0.0,0.24,0.5,0.0,1
4.163,-25.0,139.0,-0.0,0.29,0.6,0.0,1
4.233,-25.0,139.0,-0.0,0.0,0.6,0.0,1
4.278,-25.0,139.0,-0.0,0.0,0.6,0.0,1
4.347,-25.0,139.0,-0.0,0.0,0.6,0.0,1
4.417,-25.0,139.0,-0.0,0.0,0.7,0.0,1
4.487,-25.0,139.0,-0.0,0.0,0.7,0.0,1
4.558,-25.0,139.0,-0.0,0.04,0.7,0.0,1
4.604,-25.0,139.0,-0.0,0.07,0.7,0.0,1
4.672,-25.0,139.0,-0.0,0.11,0.7,0.0,1
4.72,-25.0,139.0,-0.0,0.16,0.7,0.0,1
4.812,-25.0,139.0,-0.0,0.2,0.7,0.0,1
4.858,-25.0,139.0,-0.0,0.23,0.7,0.0,1
4.927,-25.0,139.0,-0.0,0.27,0.7,0.0,1
4.996,-25.0,139.0,-0.0,0.0,0.7,0.0,1
5.04,-25.0,139.0,-0.0,0.0,0.7,0.0,1
5.132,-25.0,139.0,-0.0,0.0,0.7,0.0,1
5.202,-25.0,139.0,-0.0,0.0,0.7,0.0,1
5.249,-25.0,139.0,-0.0,0.0,0.7,0.0,1
5.319,-25.0,139.0,-0.0,0.0,0.7,0.0,1
5.391,-25.0,139.0,-0.0,0.03,0.7,0.0,1
5.46,-25.0,139.0,-0.0,0.06,0.7,0.0,1
5.505,-25.0,139.0,-0.0,0.1,0.7,0.0,1
5.574,-25.0,139.0,-0.0,0.15,0.7,0.0,1
5.643,-25.0,139.0,-0.0,0.19,0.7,0.0,1
5.711,-25.0,139.0,-0.0,0.23,0.7,0.0,1
5.758,-25.0,139.0,-0.0,0.26,0.7,0.0,1
5.829,-25.0,139.0,-0.0,0.31,0.7,0.0,1
5.899,-25.0,139.0,-0.0,0.35,0.7,0.0,1
5.968,-25.0,139.0,-0.0,0.39,0.7,0.0,1
6.015,-25.0,139.0,-0.0,0.42,0.7,0.0,1
6.086,-25.0,139.0,-0.0,0.47,0.7,0.0,1
6.158,-25.0,139.0,-0.0,0.51,0.7,0.0,1
6.227,-25.0,139.0,-0.0,0.54,0.7,0.0,1
6.272,-25.0,139.0,-0.0,0.58,0.7,0.0,1
6.341,-25.0,139.0,0.06,0.63,0.7,0.0,1
6.41,-24.96,139.02,0.79,0.0,0.7,0.0,1
6.478,-24.9,139.04,1.86,0.0,0.7,0.0,1
6.525,-24.85,139.06,2.72,0.0,0.7,0.0,1
6.597,-24.77,139.1,4.06,0.0,0.7,0.0,1
6.667,-24.7,139.13,5.33,0.0,0.7,0.0,1
6.736,-24.63,139.17,6.55,0.0,0.7,0.0,1
6.783,-24.59,139.19,7.34,0.0,0.7,0.0,1
6.854,-24.52,139.22,8.47,0.0,0.7,0.0,1
6.924,-24.47,139.26,9.54,0.0,0.7,0.0,1
6.994,-24.41,139.29,10.53,0.0,0.7,0.0,1
7.042,-24.38,139.31,11.19,0.0,0.7,0.0,1
7.113,-24.33,139.34,12.07,0.02,0.0,0.0,1
7.182,-24.29,139.36,12.62,0.06,0.0,0.0,1
7.25,-24.25,139.38,12.78,0.09,0.0,0.0,1
7.296,-24.22,139.38,12.8,0.13,0.0,0.0,1
7.364,-24.19,139.39,12.81,0.18,0.0,0.0,1
7.434,-24.15,139.4,12.79,0.22,0.0,0.0,1
7.503,-24.12,139.41,12.8,0.26,0.0,0.0,1
7.571,-24.09,139.41,12.8,0.29,0.0,0.0,1
7.617,-24.07,139.42,12.79,0.33,0.0,0.0,1
7.689,-24.03,139.43,12.8,0.38,0.0,0.0,1
7.758,-23.99,139.44,12.8,0.42,0.0,0.0,1
7.805,-23.96,139.44,12.82,0.45,0.0,0.0,1
7.874,-23.91,139.45,12.82,0.5,0.0,0.0,1
7.942,-23.85,139.47,12.84,0.54,0.0,0.0,1
8.009,-23.79,139.48,12.89,0.58,0.1,0.0,1
8.078,-23.71,139.51,13.07,0.62,0.1,0.0,1
8.144,-23.62,139.53,13.29,0.65,0.1,0.0,1
8.189,-23.56,139.55,13.35,0.69,0.0,0.0,1
8.256,-23.45,139.57,13.35,0.73,0.0,0.0,1
8.324,-23.33,139.6,13.37,0.78,0.0,0.0,1
8.393,-23.2,139.63,13.39,0.0,0.0,0.0,1
8.462,-23.06,139.66,13.4,0.0,0.0,0.0,1
8.509,-22.97,139.69,13.4,0.0,0.0,0.0,1
8.579,-22.83,139.72,13.4,0.0,0.0,0.0,1
8.625,-22.69,139.75,13.4,0.0,0.0,0.0,1
8.718,-22.56,139.78,13.4,0.0,0.0,0.0,1
8.765,-22.48,139.8,13.4,0.0,0.0,0.0,1
8.835,-22.37,139.83,13.4,0.0,0.0,0.0,1
8.882,-22.26,139.86,13.4,0.0,0.0,0.0,1
8.974,-22.16,139.88,13.4,0.0,0.0,0.0,1
9.021,-22.06,139.9,13.4,0.0,0.0,0.0,1
9.088,-22.0,139.92,13.4,0.0,0.0,0.0,1
9.158,-21.91,139.94,13.4,0.0,0.0,0.0,1
9.226,-21.83,139.96,13.4,0.0,0.0,0.0,1
9.296,-21.76,139.98,13.4,0.03,0.0,0.0,1
9.343,-21.71,139.99,13.4,0.06,0.0,0.0,1
9.413,-21.65,140.0,13.4,0.11,0.0,0.0,1
9.483,-21.59,140.02,13.4,0.15,0.0,0.0,1
9.552,-21.53,140.03,13.4,0.19,0.0,0.0,1
9.599,-21.49,140.04,13.4,0.22,0.0,0.0,1
9.667,-21.44,140.05,13.4,0.27,0.0,0.0,1
9.734,-21.38,140.07,13.4,0.31,0.0,0.0,1
9.803,-21.32,140.08,13.4,0.0,0.0,0.0,1
9.874,-21.26,140.09,13.4,0.0,0.0,0.0,1
9.919,-21.22,140.1,13.4,0.0,0.0,0.0,1
9.988,-21.16,140.12,13.4,0.0,0.0,0.0,1
10.057,-21.1,140.13,13.4,0.0,0.0,0.0,1
10.103,-21.04,140.15,13.4,0.0,0.0,0.0,1
10.171,-20.99,140.16,13.4,0.0,0.0,0.0,1
10.241,-20.96,140.17,13.4,0.0,0.0,0.0,1
10.309,-20.91,140.18,13.4,0.0,0.0,0.0,1
10.354,-20.87,140.19,13.4,0.03,0.0,0.0,1
10.423,-20.83,140.2,13.41,0.07,0.0,0.0,1
10.513,-20.8,140.2,13.4,0.1,0.0,0.0,1
10.559,-20.78,140.21,13.4,0.14,0.0,0.0,1
10.627,-20.75,140.22,13.4,0.19,0.0,0.0,1
10.696,-20.72,140.22,13.39,0.23,-0.0,0.0,1
10.765,-20.69,140.23,13.39,0.27,-0.0,0.0,1
10.811,-20.68,140.23,13.38,0.3,-0.1,0.0,1
10.88,-20.65,140.24,13.31,0.0,-0.1,0.0,1
10.95,-20.61,140.25,13.22,0.0,-0.1,0.0,1
11.018,-20.57,140.25,13.08,0.0,0.0,0.0,1
11.087,-20.53,140.26,13.07,0.0,0.0,0.0,1
11.134,-20.51,140.27,13.07,0.0,0.0,0.0,1
11.203,-20.47,140.27,13.07,0.02,0.0,0.0,1
11.273,-20.44,140.28,13.07,0.06,0.0,0.0,1
11.341,-20.42,140.29,13.07,0.1,0.0,0.0,1
11.41,-20.39,140.29,13.07,0.13,0.0,0.0,1
11.457,-20.38,140.3,13.07,0.17,0.0,0.0,1
11.53,-20.36,140.3,13.07,0.22,-0.0,0.0,1
11.577,-20.34,140.3,13.09,0.26,-0.0,0.0,1
11.646,-20.33,140.31,13.07,0.29,-0.1,0.0,1
11.715,-20.31,140.31,13.01,0.34,-0.1,0.0,1
11.784,-20.29,140.31,12.94,0.38,-0.1,0.0,1
11.854,-20.26,140.32,12.85,0.42,-0.2,0.0,1
11.902,-20.23,140.32,12.75,0.45,-0.2,0.0,1
11.97,-20.2,140.33,12.57,0.5,-0.2,0.0,1
12.04,-20.15,140.33,12.35,0.54,-0.3,0.0,1
12.109,-20.1,140.34,12.01,0.58,-0.3,0.0,1
12.178,-20.04,140.34,11.79,0.61,0.0,0.0,1
12.223,-19.99,140.35,11.78,0.65,0.0,0.0,1
12.292,-19.92,140.37,11.77,0.7,0.0,0.0,1
12.36,-19.83,140.39,11.77,0.74,0.0,0.0,1
12.429,-19.73,140.41,11.77,0.78,0.0,0.0,1
12.496,-19.62,140.43,11.77,0.82,-0.0,0.0,1
12.543,-19.53,140.45,11.75,0.85,-0.1,0.0,1
12.61,-19.39,140.47,11.48,0.9,-0.1,0.0,1
12.681,-19.22,140.5,11.09,0.94,-0.1,0.0,1
12.751,-19.03,140.52,10.52,0.98,-0.2,0.0,1
12.799,-18.88,140.53,9.87,1.0,-0.2,0.0,1
12.867,-18.64,140.55,8.78,1.0,-0.2,0.0,1
12.935,-18.36,140.57,7.53,0.0,-0.3,0.0,1
13.006,-18.04,140.57,5.98,0.0,0.0,0.0,1
13.052,-17.83,140.58,5.62,0.0,0.0,0.0,1
13.122,-17.51,140.61,5.53,0.0,0.0,0.0,1
13.191,-17.2,140.64,5.53,0.0,0.0,0.0,1
13.263,-16.9,140.67,5.53,0.0,0.0,0.0,1
13.309,-16.72,140.69,5.39,0.0,-0.1,0.0,1
13.379,-16.45,140.7,4.85,0.0,-0.1,0.0,1
13.447,-16.21,140.71,4.37,0.0,0.0,0.0,1
13.516,-15.98,140.73,4.3,0.0,0.0,0.8,1
13.563,-15.77,140.74,4.29,0.0,0.0,1.0,1
13.632,-15.64,140.75,4.3,0.0,0.0,1.0,1
13.679,-15.47,140.76,4.29,0.0,0.0,1.0,1
13.773,-15.33,140.77,4.3,0.0,0.0,1.0,1
13.821,-15.24,140.78,4.29,0.0,0.0,1.0,1
13.89,-15.2,140.78,4.25,0.0,0.0,1.0,1
13.959,-15.2,140.78,4.25,0.0,0.0,1.0,1
14.028,-15.2,140.78,4.25,0.0,0.0,1.0,1
14.099,-15.2,140.78,4.25,0.0,0.0,1.0,1
14.147,-15.2,140.78,4.25,0.0,0.0,1.0,1
14.217,-15.19,140.78,4.25,0.0,-0.1,1.0,1
14.289,-15.19,140.78,4.25,0.0,-0.1,1.0,1
14.335,-15.19,140.78,4.25,0.0,-0.1,1.0,1
14.403,-15.19,140.78,4.25,0.0,-0.2,1.0,1
14.473,-15.19,140.78,4.25,0.0,-0.2,1.0,1
14.544,-15.19,140.78,4.25,0.0,-0.2,1.0,1
14.59,-15.19,140.78,4.25,0.0,-0.3,1.0,1
14.659,-15.19,140.78,4.25,0.0,-0.3,1.0,1
14.728,-15.19,140.78,4.25,0.0,0.0,0.0,1
14.798,-15.19,140.78,4.25,0.0,0.0,0.0,1
14.845,-15.19,140.78,4.25,0.0,0.0,0.0,1
14.915,-15.19,140.78,4.25,0.0,0.0,0.0,1
14.962,-15.19,140.78,4.25,0.0,0.0,0.0,1
15.033,-15.19,140.78,4.25,0.0,0.0,0.0,1
15.123,-15.19,140.78,4.25,0.0,0.0,0.0,1
15.168,-15.19,140.78,4.25,0.0,0.0,0.0,1
15.235,-15.19,140.78,4.25,0.0,0.0,0.0,1
15.303,-15.19,140.78,4.25,0.0,0.0,0.0,1
15.37,-15.19,140.78,4.25,0.0,0.0,0.0,1
15.44,-15.19,140.78,4.25,0.0,0.0,0.0,1
15.486,-15.19,140.78,4.25,0.0,0.0,0.0,1
15.553,-15.19,140.78,4.25,0.0,0.0,0.0,1
15.6,-15.19,140.78,4.25,0.0,0.0,0.0,1
15.691,-15.19,140.78,4.25,0.0,0.0,0.0,1
15.737,-15.19,140.78,4.25,0.0,0.0,0.0,1
15.806,-15.19,140.78,4.25,0.0,0.0,0.0,1
15.875,-15.19,140.78,4.25,0.0,0.0,0.0,1
15.921,-15.19,140.78,4.25,0.0,0.0,0.0,1
16.012,-15.19,140.78,4.25,0.0,0.0,0.0,1
16.058,-15.19,140.78,4.25,0.0,0.0,0.0,1
16.127,-15.19,140.78,4.25,0.0,0.0,0.0,1
16.197,-15.19,140.78,4.25,0.0,0.0,0.0,1
16.264,-15.19,140.78,4.25,0.0,0.0,0.0,1
16.331,-15.19,140.78,4.25,0.0,0.0,0.0,1
16.399,-15.19,140.78,4.25,0.0,0.0,0.0,1
16.446,-15.19,140.78,4.25,0.0,0.0,0.0,-1
16.515,-15.19,140.78,4.25,0.0,0.0,0.0,-1
16.583,-15.19,140.78,4.25,0.0,0.0,0.0,-1
16.651,-15.19,140.78,4.25,0.0,0.0,0.0,-1
16.718,-15.19,140.78,4.25,0.0,0.0,0.0,-1
16.765,-15.19,140.78,4.25,0.0,0.0,0.0,-1
16.834,-15.19,140.78,4.25,0.0,0.0,0.0,-1
16.904,-15.19,140.78,4.25,0.0,0.0,0.0,-1
16.973,-15.19,140.78,4.25,0.0,0.1,0.0,-1
17.02,-15.19,140.78,4.25,0.0,0.1,0.0,-1
17.089,-15.19,140.78,4.25,0.0,0.1,0.0,-1
17.157,-15.19,140.78,4.25,0.0,0.2,0.0,-1
17.226,-15.19,140.78,4.25,0.0,0.2,0.0,-1
17.294,-15.19,140.78,4.25,0.0,0.2,0.0,-1
17.339,-15.19,140.78,4.25,0.0,0.0,0.0,-1
17.407,-15.19,140.78,4.25,0.0,0.0,0.0,-1
17.476,-15.19,140.78,4.25,0.0,0.0,0.0,-1
17.545,-15.19,140.78,4.25,0.0,0.0,0.0,-1
17.613,-15.19,140.78,4.25,0.0,0.0,0.0,-1
17.683,-15.19,140.78,4.25,0.0,0.0,0.0,-1
17.727,-15.19,140.78,4.25,0.0,0.0,0.0,-1
17.798,-15.19,140.78,4.25,0.0,0.0,0.0,-1
17.866,-15.19,140.78,4.25,0.0,0.0,0.0,-1
17.933,-15.2,140.78,4.25,0.02,0.0,0.0,-1
17.981,-15.2,140.78,4.25,0.05,0.1,0.0,-1
18.05,-15.2,140.78,4.25,0.1,0.1,0.0,-1
18.119,-15.2,140.78,4.24,0.14,0.1,0.0,-1
18.187,-15.2,140.78,4.24,0.18,0.2,0.0,-1
18.256,-15.2,140.78,4.24,0.22,0.2,0.0,-1
18.303,-15.2,140.78,4.24,0.25,0.2,0.0,-1
18.373,-15.2,140.78,4.24,0.3,0.3,0.0,-1
18.442,-15.2,140.78,4.24,0.0,0.3,0.0,-1
18.513,-15.21,140.78,4.19,0.0,0.3,0.0,-1
18.559,-15.22,140.78,4.12,0.0,0.3,0.0,-1
18.628,-15.23,140.78,3.99,0.0,0.4,0.0,-1
18.696,-15.25,140.77,3.84,0.0,0.4,0.0,-1
18.741,-15.26,140.77,3.69,0.0,0.4,0.0,-1
18.81,-15.28,140.76,3.52,0.0,0.5,0.0,-1
18.879,-15.29,140.76,3.4,0.0,0.5,0.0,-1
18.947,-15.3,140.75,3.24,0.03,0.5,0.0,-1
19.018,-15.31,140.75,3.08,0.07,0.6,0.0,-1
19.088,-15.32,140.75,2.93,0.0,0.6,0.0,-1
19.135,-15.33,140.74,2.82,0.0,0.0,0.0,-1
19.203,-15.34,140.74,2.73,0.0,0.0,0.0,-1
19.274,-15.36,140.74,2.73,0.0,0.0,0.0,-1
19.342,-15.37,140.74,2.73,0.0,0.0,0.0,-1
19.388,-15.38,140.74,2.73,0.0,0.0,0.0,-1
19.458,-15.39,140.74,2.73,0.02,0.0,0.0,-1
19.529,-15.4,140.74,2.73,0.07,0.0,0.0,-1
19.578,-15.41,140.74,2.73,0.1,0.0,0.0,-1
19.648,-15.41,140.74,2.73,0.14,0.0,0.0,-1
19.718,-15.42,140.74,2.73,0.19,0.0,0.0,-1
19.787,-15.43,140.74,2.73,0.23,0.0,0.0,-1
19.855,-15.43,140.74,2.73,0.27,0.0,0.0,-1
19.923,-15.44,140.74,2.73,0.3,0.0,0.0,-1
19.968,-15.44,140.74,2.72,0.34,0.0,0.0,-1
20.036,-15.45,140.73,2.72,0.39,0.0,0.0,-1
20.105,-15.47,140.73,2.71,0.43,0.0,0.0,-1
20.152,-15.49,140.73,2.71,0.47,0.0,0.0,-1
20.221,-15.51,140.73,2.7,0.5,0.0,0.0,-1
20.29,-15.54,140.73,2.69,0.54,0.0,0.0,-1
20.363,-15.59,140.73,2.7,0.59,0.0,0.0,-1
20.433,-15.64,140.73,2.71,0.0,0.0,0.0,-1
20.479,-15.69,140.72,2.71,0.0,0.0,0.0,-1
20.55,-15.75,140.72,2.71,0.0,0.0,0.0,-1
20.62,-15.82,140.72,2.65,0.0,0.1,0.0,-1
20.689,-15.89,140.71,2.5,0.0,0.1,0.0,-1
20.737,-15.93,140.71,2.4,0.0,0.1,0.0,-1
20.808,-15.99,140.7,2.21,0.0,0.2,0.0,-1
20.877,-16.04,140.69,1.95,0.0,0.2,0.0,-1
20.923,-16.08,140.69,1.78,0.0,0.2,0.0,-1
20.993,-16.13,140.68,1.53,0.0,0.3,0.0,-1
21.061,-16.18,140.67,1.21,0.0,0.3,0.0,-1
21.133,-16.23,140.66,0.89,0.0,0.3,0.0,-1
21.202,-16.27,140.65,0.56,0.0,0.4,0.0,-1
21.249,-16.3,140.65,0.3,0.0,0.4,0.0,-1
21.318,-16.33,140.64,-0.03,0.03,0.4,0.0,-1
21.387,-16.36,140.63,-0.32,0.07,0.5,0.0,-1
21.433,-16.39,140.63,-0.62,0.1,0.5,0.0,-1
21.505,-16.41,140.62,-0.82,0.14,0.5,0.0,-1
21.574,-16.44,140.62,-1.1,0.19,0.6,0.0,-1
21.644,-16.46,140.61,-1.4,0.23,0.6,0.0,-1
21.713,-16.48,140.6,-1.72,0.27,0.6,0.0,-1
21.759,-16.5,140.6,-1.95,0.3,0.6,0.0,-1
21.827,-16.52,140.59,-2.36,0.35,0.7,0.0,-1
21.898,-16.55,140.58,-2.89,0.39,0.7,0.0,-1
21.968,-16.58,140.57,-3.48,0.43,0.7,0.0,-1
22.015,-16.61,140.56,-3.91,0.46,0.7,0.0,-1
22.083,-16.65,140.55,-4.61,0.0,0.7,0.0,-1
22.154,-16.7,140.53,-5.46,0.0,0.7,0.0,-1
22.224,-16.75,140.52,-6.34,0.0,0.7,0.0,-1
22.271,-16.79,140.51,-6.94,0.0,0.7,0.0,-1
22.34,-16.84,140.5,-7.78,0.0,0.7,0.0,-1
22.386,-16.88,140.49,-8.56,0.04,0.7,0.0,-1
22.479,-16.93,140.48,-9.26,0.08,0.7,0.0,-1
22.526,-16.95,140.47,-9.71,0.11,0.7,0.0,-1
22.598,-16.99,140.46,-10.39,0.16,0.7,0.0,-1
22.646,-17.03,140.45,-10.99,0.2,0.7,0.0,-1
22.716,-17.05,140.45,-11.39,0.23,0.7,0.0,-1
22.786,-17.09,140.44,-11.98,0.27,0.7,0.0,-1
22.858,-17.12,140.44,-12.61,0.0,0.7,0.0,-1
22.926,-17.17,140.43,-13.3,0.0,0.7,0.0,-1
22.994,-17.21,140.43,-14.02,0.0,0.7,0.0,-1
23.041,-17.24,140.42,-14.51,0.0,0.7,0.0,-1
23.11,-17.28,140.42,-15.21,0.0,0.7,0.0,-1
23.181,-17.33,140.41,-15.9,0.0,0.7,0.0,-1
23.241,-17.36,140.41,-16.45,0.04,0.7,0.0,-1
23.311,-17.4,140.41,-17.01,0.08,0.7,0.0,-1
23.358,-17.42,140.4,-17.35,0.11,0.7,0.0,-1
23.43,-17.45,140.4,-17.84,0.16,0.7,0.0,-1
23.5,-17.47,140.4,-18.26,0.2,0.7,0.0,-1
23.57,-17.5,140.4,-18.68,0.23,0.7,0.0,-1
23.618,-17.52,140.4,-18.95,0.27,0.7,0.0,-1
23.69,-17.54,140.4,-19.42,0.32,0.7,0.0,-1
23.76,-17.57,140.39,-19.94,0.36,0.7,0.0,-1
23.807,-17.6,140.39,-20.31,0.39,0.7,0.0,-1
23.879,-17.64,140.39,-20.95,0.44,0.7,0.0,-1
23.951,-17.68,140.39,-21.66,0.48,0.7,0.0,-1
24.0,-17.71,140.39,-22.19,0.51,0.7,0.0,-1
24.075,-17.77,140.4,-23.13,0.56,0.7,0.0,-1
24.148,-17.83,140.4,-24.17,0.59,0.7,0.0,-1
24.196,-17.88,140.4,-24.97,0.64,0.7,0.0,-1
24.245,-17.97,140.41,-26.43,0.68,0.7,0.0,-1
24.32,-18.04,140.41,-27.55,0.0,0.7,0.0,-1
24.395,-18.15,140.43,-29.3,0.0,0.7,0.0,-1
24.443,-18.22,140.44,-30.43,0.0,0.7,0.0,-1
24.514,-18.32,140.45,-32.11,0.0,0.7,0.0,-1
24.587,-18.42,140.48,-33.76,0.0,0.7,0.0,-1
24.636,-18.52,140.5,-35.18,0.0,0.0,0.0,-1
24.706,-18.57,140.53,-35.69,0.0,0.0,0.0,-1
24.778,-18.65,140.58,-35.88,0.0,0.0,0.0,-1
24.826,-18.7,140.61,-35.88,0.0,0.0,0.0,-1
24.899,-18.76,140.66,-35.88,0.0,0.0,0.0,-1
24.974,-18.83,140.71,-35.88,0.0,0.0,0.0,-1
25.024,-18.87,140.74,-35.88,0.0,0.0,0.0,-1
25.098,-18.93,140.78,-35.88,0.0,0.0,0.0,-1
25.171,-18.99,140.82,-35.88,0.0,0.0,0.0,-1
25.219,-19.03,140.85,-35.88,0.0,0.0,0.0,-1
25.267,-19.08,140.89,-35.88,0.0,0.0,0.0,-1
25.363,-19.13,140.92,-35.98,0.0,0.1,0.0,-1
25.411,-19.16,140.94,-36.07,0.0,0.1,0.0,-1
25.484,-19.2,140.97,-36.2,0.0,0.1,0.0,-1
25.532,-19.23,140.99,-36.33,0.0,0.2,0.0,-1
25.603,-19.27,141.01,-36.55,0.0,0.2,0.0,-1
25.675,-19.31,141.03,-36.76,0.0,0.2,0.0,-1
25.746,-19.35,141.06,-37.01,0.01,0.3,0.0,-1
25.794,-19.37,141.07,-37.17,0.06,0.3,0.0,-1
25.842,-19.4,141.08,-37.4,0.1,0.3,0.0,-1
25.939,-19.43,141.1,-37.64,0.13,0.4,0.0,-1
25.986,-19.45,141.11,-37.83,0.0,0.4,0.0,-1
26.059,-19.48,141.12,-38.15,0.0,0.4,0.0,-1
26.13,-19.51,141.14,-38.48,0.0,0.5,0.0,-1
26.178,-19.53,141.14,-38.71,0.03,0.5,0.0,-1
26.25,-19.56,141.16,-39.03,0.08,0.5,0.0,-1
26.322,-19.58,141.17,-39.36,0.0,0.6,0.0,-1
26.369,-19.6,141.17,-39.61,0.0,0.6,0.0,-1
26.441,-19.62,141.18,-39.93,0.0,0.0,0.0,-1
26.512,-19.64,141.2,-40.03,0.0,0.0,0.0,-1
26.559,-19.66,141.21,-40.03,0.0,0.0,0.0,-1
26.63,-19.68,141.23,-40.03,0.0,0.0,0.0,-1
26.7,-19.69,141.24,-40.03,0.0,0.0,0.0,-1
26.747,-19.71,141.26,-40.03,0.0,0.0,0.0,-1
26.82,-19.72,141.26,-40.03,0.0,0.0,0.0,-1
26.895,-19.74,141.28,-40.03,0.0,0.0,0.0,-1
26.943,-19.75,141.29,-40.03,0.0,0.0,0.0,-1
27.016,-19.76,141.3,-40.03,0.01,0.0,0.0,-1
27.088,-19.77,141.31,-40.03,0.05,0.0,0.0,-1
27.135,-19.78,141.31,-40.03,0.08,0.0,0.0,-1
27.206,-19.79,141.32,-40.03,0.13,0.0,0.0,-1
27.277,-19.8,141.33,-40.03,0.17,0.0,0.0,-1
27.348,-19.8,141.33,-40.03,0.2,0.0,0.0,-1
27.394,-19.81,141.34,-40.03,0.24,0.0,0.0,-1
27.467,-19.81,141.34,-40.03,0.0,0.0,0.0,-1
27.537,-19.83,141.35,-40.03,0.0,0.0,0.0,-1
27.585,-19.84,141.36,-40.03,0.0,0.0,0.0,-1
27.655,-19.85,141.37,-40.03,0.0,0.0,0.0,-1
27.726,-19.87,141.39,-40.03,0.0,0.0,0.0,-1
27.774,-19.88,141.4,-40.03,0.0,0.0,0.0,-1
27.846,-19.89,141.41,-40.03,0.0,0.0,0.0,-1
27.918,-19.91,141.42,-40.03,0.04,0.0,0.0,-1
27.966,-19.91,141.43,-40.03,0.07,0.0,0.0,-1
28.036,-19.92,141.44,-40.03,0.12,0.0,0.0,-1
28.106,-19.93,141.44,-40.03,0.16,0.0,0.0,-1
28.177,-19.94,141.45,-40.03,0.2,0.0,0.0,-1
28.227,-19.94,141.45,-40.03,0.23,0.0,0.0,-1
28.275,-19.95,141.46,-40.03,0.28,0.0,0.0,-1
28.371,-19.95,141.46,-40.04,0.31,0.0,0.0,-1
28.419,-19.96,141.47,-40.03,0.35,0.0,0.0,-1
28.49,-19.97,141.48,-40.02,0.0,0.0,0.0,-1
28.54,-19.99,141.49,-40.02,0.0,0.0,0.0,-1
28.612,-20.01,141.51,-40.02,0.0,0.0,0.0,-1
28.659,-20.03,141.53,-40.02,0.0,0.0,0.0,-1
28.753,-20.06,141.55,-40.02,0.0,0.0,0.0,-1
28.801,-20.07,141.56,-40.02,0.0,0.0,0.0,-1
28.874,-20.09,141.58,-40.02,0.0,0.0,0.0,-1
28.944,-20.11,141.59,-40.02,0.0,0.0,0.0,-1
28.993,-20.12,141.6,-40.02,0.0,0.0,0.0,-1
29.066,-20.14,141.62,-40.0,0.0,-0.1,0.0,-1
29.14,-20.16,141.64,-39.94,0.0,-0.1,0.0,-1
29.188,-20.17,141.65,-39.91,0.0,-0.1,0.0,-1
29.26,-20.19,141.66,-39.84,0.0,-0.2,0.0,-1
29.307,-20.2,141.67,-39.75,0.0,-0.2,0.0,-1
29.377,-20.21,141.68,-39.7,0.0,-0.2,0.0,-1
29.45,-20.22,141.69,-39.61,0.0,-0.3,0.0,-1
29.498,-20.23,141.71,-39.49,0.0,-0.3,0.0,-1
29.571,-20.24,141.72,-39.42,0.0,-0.3,0.0,-1
29.618,-20.25,141.73,-39.31,0.0,-0.4,0.0,-1
29.69,-20.26,141.74,-39.18,0.0,-0.4,0.0,-1
29.762,-20.26,141.74,-39.12,0.0,0.0,0.0,-1
29.809,-20.27,141.75,-39.11,0.0,0.0,0.0,-1
29.906,-20.28,141.76,-39.11,0.0,0.0,0.0,-1
29.953,-20.29,141.77,-39.11,0.03,0.0,0.0,-1
30.025,-20.3,141.77,-39.11,0.08,0.0,0.0,-1
30.075,-20.3,141.78,-39.11,0.11,0.0,0.0,-1
30.147,-20.31,141.78,-39.11,0.15,0.0,0.0,-1
30.217,-20.31,141.78,-39.11,0.2,0.0,0.0,-1
30.288,-20.32,141.79,-39.11,0.24,0.0,0.0,-1
30.336,-20.32,141.79,-39.11,0.27,0.0,0.0,-1
30.41,-20.32,141.79,-39.1,0.32,-0.0,0.0,-1
30.46,-20.32,141.79,-39.1,0.35,-0.0,0.0,-1
30.531,-20.33,141.8,-39.09,0.39,-0.1,0.0,-1
30.602,-20.34,141.81,-39.03,0.44,-0.1,0.0,-1
30.675,-20.36,141.83,-38.96,0.47,-0.1,0.0,-1
30.723,-20.38,141.84,-38.88,0.52,-0.2,0.0,-1
30.794,-20.41,141.87,-38.71,0.56,-0.2,0.0,-1
30.867,-20.44,141.91,-38.48,0.0,-0.2,0.0,-1
30.914,-20.47,141.93,-38.29,0.0,-0.3,0.0,-1
30.985,-20.51,141.98,-37.89,0.0,-0.3,0.0,-1
31.057,-20.55,142.02,-37.48,0.0,-0.3,0.0,-1
31.106,-20.58,142.05,-37.2,0.0,-0.4,0.0,-1
31.179,-20.62,142.09,-36.69,0.0,-0.4,0.0,-1
31.251,-20.65,142.13,-36.21,0.0,-0.4,0.0,-1
31.299,-20.67,142.16,-35.88,0.0,-0.5,0.0,-1
31.372,-20.71,142.19,-35.33,0.0,-0.5,0.0,-1
31.442,-20.73,142.23,-34.83,0.0,-0.5,0.0,-1
31.49,-20.75,142.25,-34.5,0.0,-0.5,0.0,-1
31.562,-20.78,142.28,-33.96,0.0,-0.6,0.0,-1
31.634,-20.8,142.31,-33.42,0.0,-0.6,0.0,-1
31.682,-20.82,142.33,-33.08,0.0,-0.6,0.0,-1
31.754,-20.84,142.36,-32.53,0.0,-0.7,0.0,-1
31.826,-20.86,142.39,-31.99,0.0,-0.7,0.0,-1
31.876,-20.87,142.41,-31.63,0.0,-0.7,0.0,-1
31.947,-20.89,142.43,-31.14,0.0,-0.7,0.0,-1
32.019,-20.91,142.45,-30.7,0.03,-0.7,0.0,-1
32.066,-20.92,142.46,-30.45,0.08,-0.7,0.0,-1
32.138,-20.93,142.48,-30.11,0.12,-0.7,0.0,-1
32.208,-20.95,142.5,-29.78,0.0,-0.7,0.0,-1
32.255,-20.95,142.51,-29.53,0.0,-0.7,0.0,-1
32.329,-20.97,142.53,-29.14,0.0,-0.7,0.0,-1
32.399,-20.98,142.55,-28.77,0.0,-0.7,0.0,-1
32.448,-20.99,142.56,-28.53,0.0,-0.7,0.0,-1
32.519,-21.01,142.57,-28.18,0.0,-0.7,0.0,-1
32.592,-21.02,142.59,-27.85,0.0,-0.7,0.0,-1
32.64,-21.03,142.6,-27.64,0.0,-0.7,0.0,-1
32.712,-21.04,142.61,-27.34,0.0,-0.7,0.0,-1
32.76,-21.05,142.62,-27.15,0.0,-0.7,0.0,-1
32.834,-21.06,142.63,-26.86,0.0,-0.7,0.0,-1
32.906,-21.07,142.65,-26.61,0.0,-0.7,0.0,-1
32.979,-21.08,142.66,-26.35,0.0,-0.7,0.0,-1
33.027,-21.09,142.66,-26.2,0.0,-0.7,0.0,-1
33.099,-21.1,142.67,-25.97,0.0,-0.7,0.0,-1
33.149,-21.1,142.68,-25.86,0.03,-0.7,0.0,-1
33.222,-21.11,142.69,-25.69,0.08,-0.7,0.0,-1
33.27,-21.12,142.7,-25.53,0.12,-0.7,0.0,-1
33.341,-21.12,142.7,-25.39,0.15,-0.7,0.0,-1
33.413,-21.13,142.71,-25.3,0.2,-0.7,0.0,-1
33.485,-21.13,142.71,-25.17,0.24,-0.7,0.0,-1
33.557,-21.14,142.72,-25.03,0.27,-0.7,0.0,-1
33.603,-21.14,142.72,-24.91,0.31,-0.7,0.0,-1
33.675,-21.15,142.73,-24.69,0.36,-0.7,0.0,-1
33.721,-21.16,142.74,-24.43,0.39,-0.7,0.0,-1
33.792,-21.17,142.75,-24.23,0.43,-0.7,0.0,-1
33.865,-21.19,142.77,-23.84,0.0,-0.7,0.0,-1
33.935,-21.21,142.79,-23.3,0.0,-0.7,0.0,-1
33.984,-21.23,142.81,-22.9,0.0,-0.7,0.0,-1
34.054,-21.25,142.84,-22.31,0.0,-0.7,0.0,-1
34.124,-21.28,142.86,-21.75,0.0,-0.7,0.0,-1
34.194,-21.3,142.88,-21.2,0.0,-0.7,0.0,-1
34.24,-21.32,142.9,-20.85,0.0,-0.7,0.0,-1
34.315,-21.35,142.92,-20.31,0.0,-0.7,0.0,-1
34.385,-21.37,142.94,-19.83,0.0,-0.7,0.0,-1
34.434,-21.38,142.95,-19.52,0.0,-0.7,0.0,-1
34.505,-21.4,142.97,-19.07,0.0,-0.7,0.0,-1
34.577,-21.42,142.99,-18.64,0.0,-0.7,0.0,-1
34.625,-21.44,143.0,-18.37,0.0,-0.7,0.0,-1
34.697,-21.45,143.01,-17.98,0.0,-0.7,0.0,-1
34.768,-21.47,143.03,-17.62,0.0,-0.7,0.0,-1
34.816,-21.48,143.04,-17.38,0.0,-0.7,0.0,-1
34.889,-21.5,143.05,-17.05,0.03,-0.7,0.0,-1
34.961,-21.51,143.06,-16.78,0.06,-0.7,0.0,-1
35.009,-21.52,143.07,-16.61,0.1,-0.7,0.0,-1
35.081,-21.53,143.07,-16.38,0.15,-0.7,0.0,-1
35.152,-21.54,143.08,-16.19,0.19,-0.7,0.0,-1
35.199,-21.55,143.09,-16.07,0.22,-0.7,0.0,-1
35.272,-21.55,143.09,-15.9,0.27,-0.7,0.0,-1
35.342,-21.56,143.1,-15.73,0.31,-0.7,0.0,-1
35.412,-21.57,143.11,-15.52,0.34,-0.7,0.0,-1
35.458,-21.58,143.11,-15.3,0.0,-0.7,0.0,-1
35.505,-21.61,143.13,-14.87,0.0,-0.7,0.0,-1
35.574,-21.63,143.15,-14.41,0.0,-0.7,0.0,-1
35.646,-21.64,143.16,-14.11,0.0,-0.7,0.0,-1
35.716,-21.67,143.17,-13.66,0.0,-0.7,0.0,-1
35.785,-21.69,143.19,-13.23,0.0,-0.7,0.0,-1
35.855,-21.71,143.2,-12.82,0.0,-0.7,0.0,-1
35.902,-21.72,143.21,-12.56,0.0,-0.7,0.0,-1
35.973,-21.74,143.22,-12.22,0.05,-0.7,0.0,-1
36.044,-21.76,143.23,-11.92,0.09,-0.7,0.0,-1
36.115,-21.77,143.24,-11.64,0.13,-0.7,0.0,-1
36.162,-21.78,143.25,-11.47,0.16,-0.7,0.0,-1
36.23,-21.79,143.26,-11.25,0.21,-0.7,0.0,-1
36.3,-21.8,143.26,-11.03,0.25,-0.7,0.0,-1
36.369,-21.81,143.27,-10.78,0.29,-0.7,0.0,-1
36.414,-21.83,143.28,-10.53,0.32,-0.7,0.0,-1
36.485,-21.84,143.29,-10.29,0.0,-0.7,0.0,-1
36.557,-21.86,143.3,-9.84,0.0,-0.7,0.0,-1
36.629,-21.89,143.32,-9.36,0.0,-0.7,0.0,-1
36.677,-21.91,143.33,-9.04,0.0,-0.7,0.0,-1
36.747,-21.93,143.34,-8.59,0.0,-0.7,0.0,-1
36.817,-21.95,143.35,-8.16,0.0,-0.7,0.0,-1
36.864,-21.97,143.36,-7.88,0.0,-0.7,0.0,-1
36.934,-21.99,143.37,-7.48,0.0,-0.7,0.0,-1
37.005,-22.01,143.38,-7.1,0.0,-0.7,0.0,-1
37.052,-22.03,143.4,-6.74,0.0,-0.7,0.0,-1
37.123,-22.04,143.4,-6.5,0.0,-0.7,0.0,-1
37.194,-22.06,143.41,-6.17,0.0,-0.7,0.0,-1
37.263,-22.08,143.42,-5.86,0.0,-0.7,0.0,-1
37.331,-22.09,143.43,-5.58,0.0,-0.7,0.0,-1
37.377,-22.1,143.43,-5.39,0.0,-0.7,0.0,-1
37.446,-22.12,143.44,-5.12,0.0,-0.7,0.0,-1
37.492,-22.13,143.45,-4.88,0.01,-0.7,0.0,-1
37.585,-22.14,143.45,-4.66,0.05,-0.7,0.0,-1
37.632,-22.15,143.46,-4.53,0.08,-0.7,0.0,-1
37.702,-22.16,143.46,-4.36,0.13,-0.7,0.0,-1
37.77,-22.17,143.47,-4.17,0.0,-0.7,0.0,-1
37.84,-22.18,143.47,-3.95,0.0,-0.7,0.0,-1
37.888,-22.19,143.48,-3.8,0.0,-0.7,0.0,-1
37.957,-22.2,143.48,-3.58,0.0,-0.7,0.0,-1
38.029,-22.21,143.49,-3.36,0.0,-0.7,0.0,-1
38.076,-22.23,143.49,-3.16,0.0,-0.7,0.0,-1
38.146,-22.23,143.5,-3.03,0.0,-0.7,0.0,-1
38.215,-22.24,143.5,-2.85,0.0,-0.7,0.0,-1
38.284,-22.25,143.5,-2.68,0.0,-0.7,0.0,-1
38.352,-22.26,143.51,-2.51,0.0,-0.7,0.0,-1
38.399,-22.27,143.51,-2.36,0.0,-0.7,0.0,-1
38.468,-22.28,143.51,-2.26,0.0,-0.7,0.0,-1
38.537,-22.28,143.52,-2.12,0.0,-0.7,0.0,-1
38.606,-22.29,143.52,-1.98,0.0,-0.7,0.0,-1
38.675,-22.3,143.52,-1.86,0.0,-0.7,0.0,-1
38.721,-22.3,143.53,-1.78,0.0,-0.7,0.0,-1
38.791,-22.31,143.53,-1.67,0.0,-0.7,0.0,-1
38.838,-22.31,143.53,-1.6,0.0,-0.7,0.0,-1
38.932,-22.31,143.53,-1.59,0.0,-0.7,0.0,-1
38.977,-22.31,143.53,-1.57,0.0,-0.7,0.0,-1
39.048,-22.31,143.53,-1.57,0.0,-0.7,0.0,-1
39.117,-22.31,143.53,-1.57,0.0,-0.7,0.0,-1
39.186,-22.31,143.53,-1.57,0.0,-0.7,0.0,-1
39.234,-22.31,143.53,-1.57,0.0,-0.7,0.0,-1
39.303,-22.31,143.53,-1.57,0.0,-0.7,0.0,-1
39.373,-22.31,143.53,-1.57,0.0,-0.7,0.0,-1
39.442,-22.31,143.53,-1.57,0.0,-0.7,0.0,-1
39.489,-22.31,143.53,-1.57,0.0,-0.7,0.0,-1
39.561,-22.31,143.53,-1.57,0.0,-0.7,0.0,-1
39.633,-22.31,143.53,-1.57,0.0,-0.7,0.0,-1
39.701,-22.31,143.53,-1.57,0.0,0.0,0.0,-1
39.747,-22.31,143.53,-1.57,0.0,0.0,0.0,-1
39.818,-22.31,143.53,-1.57,0.0,0.0,0.0,-1
39.885,-22.31,143.53,-1.57,0.0,0.0,0.0,-1
39.953,-22.31,143.53,-1.57,0.0,0.0,0.0,-1
40.021,-22.31,143.53,-1.57,0.0,0.0,0.0,-1
40.067,-22.31,143.53,-1.57,0.0,0.0,0.0,-1
40.138,-22.31,143.53,-1.57,0.0,0.0,0.0,-1
40.207,-22.31,143.53,-1.57,0.0,0.0,0.0,-1
40.274,-22.31,143.53,-1.57,0.0,0.0,0.0,-1
40.321,-22.31,143.53,-1.57,0.0,0.0,0.0,-1
40.39,-22.31,143.53,-1.57,0.0,0.0,0.0,-1
40.437,-22.31,143.53,-1.57,0.0,0.0,0.0,-1
40.506,-22.31,143.53,-1.57,0.0,0.0,0.0,-1
40.574,-22.31,143.53,-1.57,0.0,0.0,0.0,-1
40.643,-22.31,143.53,-1.57,0.0,0.0,0.0,-1
40.711,-22.31,143.53,-1.57,0.0,0.0,0.0,-1
40.783,-22.31,143.53,-1.57,0.0,0.0,0.0,-1
40.829,-22.31,143.53,-1.57,0.0,0.0,0.0,-1
40.898,-22.31,143.53,-1.57,0.0,0.0,0.0,-1
40.967,-22.31,143.53,-1.57,0.0,0.0,0.0,-1
41.037,-22.31,143.53,-1.57,0.0,0.0,0.0,-1
41.085,-22.31,143.53,-1.57,0.03,0.0,0.0,-1
41.155,-22.32,143.53,-1.57,0.07,0.0,0.0,-1
41.227,-22.32,143.53,-1.58,0.12,0.0,0.0,-1
41.297,-22.32,143.53,-1.58,0.16,0.0,0.0,-1
41.343,-22.32,143.53,-1.58,0.19,0.0,0.0,-1
41.412,-22.32,143.53,-1.58,0.0,0.0,0.0,-1
41.483,-22.33,143.53,-1.58,0.0,0.0,0.0,-1
41.551,-22.33,143.53,-1.57,0.02,0.0,0.0,-1
41.599,-22.34,143.53,-1.58,0.05,0.0,0.0,-1
41.669,-22.34,143.53,-1.58,0.0,0.0,0.0,-1
41.739,-22.35,143.53,-1.58,0.0,0.0,0.0,-1
41.809,-22.36,143.53,-1.58,0.0,0.0,0.0,-1
41.858,-22.36,143.53,-1.58,0.0,0.0,0.0,-1
41.929,-22.37,143.53,-1.58,0.04,0.0,0.0,-1
41.976,-22.37,143.53,-1.58,0.08,0.0,0.0,-1
42.044,-22.38,143.53,-1.58,0.11,0.0,0.0,-1
42.114,-22.38,143.53,-1.58,0.0,0.0,0.0,-1
42.184,-22.39,143.53,-1.58,0.02,0.0,0.0,-1
42.232,-22.4,143.53,-1.57,0.06,0.0,0.0,-1
42.303,-22.4,143.53,-1.58,0.0,0.0,0.0,-1
42.371,-22.41,143.53,-1.58,0.0,0.0,0.0,-1
42.44,-22.42,143.53,-1.58,0.0,0.0,0.0,-1
42.509,-22.42,143.53,-1.58,0.04,0.0,0.0,-1
42.577,-22.43,143.53,-1.58,0.08,0.0,0.0,-1
42.624,-22.43,143.53,-1.58,0.0,0.0,0.0,-1
42.696,-22.44,143.53,-1.58,0.0,0.0,0.0,-1
42.743,-22.45,143.53,-1.58,0.0,0.0,0.0,-1
42.812,-22.46,143.53,-1.58,0.0,0.0,0.0,-1
42.882,-22.46,143.53,-1.58,0.01,0.0,0.0,-1
42.951,-22.47,143.53,-1.58,0.06,0.0,0.0,-1
43.02,-22.47,143.53,-1.59,0.0,0.0,0.0,-1
43.09,-22.48,143.53,-1.59,0.0,0.0,0.0,-1
43.136,-22.48,143.53,-1.59,0.0,0.0,0.0,-1
43.183,-22.49,143.53,-1.59,0.0,0.0,0.0,-1
43.276,-22.5,143.53,-1.59,0.0,0.0,0.0,-1
43.347,-22.5,143.53,-1.59,0.0,0.0,0.0,-1
43.395,-22.51,143.53,-1.59,0.0,0.0,0.0,-1
43.464,-22.51,143.53,-1.59,0.0,0.0,0.0,-1
43.535,-22.52,143.53,-1.59,0.0,0.0,0.0,-1
43.582,-22.52,143.53,-1.59,0.0,0.0,0.0,1
43.652,-22.52,143.53,-1.59,0.0,0.0,0.0,1
43.723,-22.52,143.53,-1.59,0.0,0.0,0.0,1
43.792,-22.53,143.53,-1.59,0.0,0.0,0.0,1
43.839,-22.53,143.53,-1.59,0.0,0.0,0.0,1
43.909,-22.53,143.53,-1.59,0.0,0.1,0.0,1
43.979,-22.53,143.53,-1.59,0.0,0.1,0.0,1
44.047,-22.53,143.53,-1.59,0.0,0.1,0.0,1
44.092,-22.53,143.53,-1.6,0.01,0.2,0.0,1
44.161,-22.53,143.53,-1.6,0.05,0.2,0.0,1
44.23,-22.53,143.53,-1.6,0.0,0.2,0.0,1
44.299,-22.53,143.53,-1.6,0.0,0.3,0.0,1
44.37,-22.53,143.53,-1.59,0.0,0.3,0.0,1
44.416,-22.53,143.53,-1.58,0.03,0.3,0.0,1
44.485,-22.53,143.53,-1.58,0.08,0.4,0.0,1
44.556,-22.52,143.53,-1.57,0.0,0.4,0.0,1
44.625,-22.52,143.53,-1.55,0.0,0.4,0.0,1
44.67,-22.52,143.53,-1.53,0.02,0.4,0.0,1
44.739,-22.52,143.53,-1.53,0.06,0.5,0.0,1
44.786,-22.52,143.53,-1.51,0.0,0.5,0.0,1
44.855,-22.52,143.53,-1.48,0.0,0.5,0.0,1
44.949,-22.51,143.54,-1.45,0.03,0.6,0.0,1
44.995,-22.51,143.54,-1.42,0.07,0.6,0.0,1
45.064,-22.51,143.54,-1.38,0.0,0.6,0.0,1
45.132,-22.51,143.54,-1.34,0.01,0.7,0.0,1
45.202,-22.5,143.54,-1.29,0.05,0.7,0.0,1
45.248,-22.5,143.54,-1.28,0.08,0.7,0.0,1
45.317,-22.5,143.54,-1.26,0.0,0.7,0.0,1
45.387,-22.5,143.54,-1.21,0.01,0.7,0.0,1
45.455,-22.5,143.54,-1.19,0.05,0.7,0.0,1
45.501,-22.5,143.54,-1.16,0.08,0.7,0.0,1
45.571,-22.5,143.54,-1.13,0.0,0.7,0.0,1
45.64,-22.49,143.54,-1.09,0.02,0.7,0.0,1
45.687,-22.49,143.54,-1.06,0.06,0.7,0.0,1
45.758,-22.49,143.54,-1.05,0.09,0.7,0.0,1
45.828,-22.49,143.54,-1.01,0.0,0.7,0.0,1
45.874,-22.48,143.54,-0.95,0.0,0.7,0.0,1
45.967,-22.48,143.55,-0.9,0.04,0.7,0.0,1
46.014,-22.48,143.55,-0.84,0.07,0.7,0.0,1
46.083,-22.47,143.55,-0.79,0.0,0.7,0.0,1
46.151,-22.47,143.55,-0.73,0.02,0.7,0.0,1
46.221,-22.47,143.55,-0.66,0.06,0.7,0.0,1
46.292,-22.46,143.55,-0.6,0.0,0.7,0.0,1
46.34,-22.46,143.55,-0.55,0.0,0.7,0.0,1
46.41,-22.46,143.55,-0.48,0.01,0.7,0.0,1
46.456,-22.45,143.56,-0.43,0.05,0.7,0.0,1
46.526,-22.45,143.56,-0.37,0.08,0.7,0.0,1
46.597,-22.45,143.56,-0.32,0.0,0.7,0.0,1
46.668,-22.44,143.56,-0.24,0.02,0.7,0.0,1
46.736,-22.44,143.56,-0.16,0.06,0.7,0.0,1
46.804,-22.44,143.56,-0.12,0.09,0.7,0.0,1
46.851,-22.43,143.56,-0.08,0.0,0.7,0.0,1
46.919,-22.43,143.56,-0.0,0.0,0.7,0.0,1
46.989,-22.43,143.57,0.08,0.04,0.7,0.0,1
47.059,-22.42,143.57,0.16,0.08,0.7,0.0,1
47.106,-22.42,143.57,0.2,0.0,0.7,0.0,1
47.175,-22.42,143.57,0.29,0.0,0.7,0.0,1
47.245,-22.41,143.57,0.37,0.04,0.7,0.0,1
47.313,-22.41,143.57,0.43,0.08,0.7,0.0,1
47.383,-22.4,143.58,0.5,0.0,0.7,0.0,1
47.429,-22.4,143.58,0.56,0.0,0.7,0.0,1
47.502,-22.4,143.58,0.64,0.01,0.7,0.0,1
47.57,-22.39,143.58,0.73,0.05,0.7,0.0,1
47.638,-22.39,143.58,0.79,0.0,0.7,0.0,1
47.684,-22.38,143.58,0.82,0.0,0.0,0.0,1
47.752,-22.38,143.58,0.84,0.0,0.0,0.0,1
47.821,-22.38,143.58,0.84,0.0,0.0,0.0,1
47.889,-22.37,143.58,0.84,0.0,0.0,0.0,1
47.957,-22.37,143.58,0.84,0.03,0.0,0.0,1
48.003,-22.36,143.58,0.84,0.07,0.0,0.0,1
48.077,-22.36,143.58,0.84,0.0,0.0,0.0,1
48.148,-22.35,143.58,0.84,0.02,0.0,0.0,1
48.193,-22.35,143.58,0.84,0.05,0.0,0.0,1
48.264,-22.35,143.58,0.84,0.0,0.0,0.0,1
48.334,-22.35,143.58,0.84,0.0,0.0,0.0,1
48.38,-22.34,143.58,0.84,0.02,0.0,0.0,1
48.47,-22.34,143.58,0.84,0.05,0.0,0.0,1
48.518,-22.33,143.58,0.84,0.0,0.0,0.0,1
48.588,-22.33,143.58,0.84,0.0,0.0,0.0,1
48.658,-22.32,143.58,0.84,0.04,0.0,0.0,1
48.707,-22.32,143.58,0.84,0.07,0.0,0.0,1
48.777,-22.32,143.58,0.84,0.0,0.0,0.0,1
48.824,-22.31,143.58,0.84,0.0,0.0,0.0,1
48.894,-22.31,143.58,0.84,0.0,0.0,0.0,1
48.964,-22.3,143.58,0.84,0.0,0.0,0.0,1
49.035,-22.3,143.58,0.84,0.0,0.0,0.0,1
49.103,-22.29,143.58,0.84,0.0,0.0,0.0,1
49.17,-22.29,143.58,0.84,0.0,0.0,0.0,1
49.218,-22.28,143.58,0.84,0.0,0.0,0.0,1
49.286,-22.28,143.58,0.84,0.0,0.0,0.0,1
49.356,-22.28,143.58,0.84,0.0,0.0,0.0,1
49.424,-22.27,143.58,0.84,0.0,0.0,0.0,1
49.492,-22.27,143.58,0.84,0.0,0.0,0.0,1
49.539,-22.27,143.58,0.84,0.0,0.0,0.0,1
49.61,-22.26,143.58,0.84,0.0,0.0,0.0,1
49.681,-22.26,143.58,0.84,0.0,0.0,0.0,1
49.75,-22.26,143.58,0.84,0.0,0.0,0.0,1
49.797,-22.26,143.58,0.84,0.0,0.0,0.0,1
49.867,-22.26,143.58,0.84,0.0,0.0,0.0,1
49.938,-22.26,143.58,0.84,0.0,0.0,0.0,1
50.005,-22.26,143.58,0.84,0.0,0.0,0.0,1
50.051,-22.26,143.58,0.84,0.0,0.0,0.0,1
50.12,-22.26,143.58,0.84,0.0,0.0,0.0,1
50.189,-22.26,143.58,0.84,0.0,0.0,0.0,1
50.257,-22.26,143.58,0.84,0.0,0.0,0.0,1
50.327,-22.26,143.58,0.84,0.0,0.0,0.0,1
50.373,-22.26,143.58,0.84,0.0,0.0,0.0,1
50.441,-22.26,143.58,0.84,0.0,0.0,0.0,1
50.51,-22.26,143.58,0.84,0.0,0.0,0.0,1
50.58,-22.26,143.58,0.84,0.0,0.0,0.0,1
50.625,-22.26,143.58,0.84,0.0,0.0,0.0,1
50.695,-22.26,143.58,0.84,0.0,0.0,0.0,1
50.765,-22.26,143.58,0.84,0.0,0.0,0.0,1
50.835,-22.26,143.58,0.84,0.0,0.0,0.0,1
50.882,-22.26,143.58,0.84,0.0,0.0,0.0,1
50.951,-22.26,143.58,0.84,0.0,0.0,0.0,1
51.021,-22.26,143.58,0.84,0.0,0.0,0.0,1
51.091,-22.26,143.58,0.84,0.0,0.0,0.0,1
51.138,-22.26,143.58,0.84,0.0,0.0,0.0,1
51.208,-22.26,143.58,0.84,0.0,0.0,0.0,1
51.276,-22.26,143.58,0.84,0.0,0.0,0.0,1
51.321,-22.26,143.58,0.84,0.0,0.0,0.0,1
51.411,-22.26,143.58,0.84,0.0,0.0,0.0,1
51.456,-22.26,143.58,0.84,0.0,0.0,0.0,1
51.525,-22.26,143.58,0.84,0.0,0.0,0.0,1
51.594,-22.26,143.58,0.84,0.0,0.0,0.0,1
51.662,-22.26,143.58,0.84,0.0,0.0,0.0,1
51.731,-22.26,143.58,0.84,0.0,0.0,0.0,1
51.777,-22.26,143.58,0.84,0.0,0.0,0.0,1
51.848,-22.26,143.58,0.84,0.0,0.0,0.0,1
51.894,-22.26,143.58,0.84,0.0,0.0,0.0,1
51.987,-22.26,143.58,0.84,0.0,0.0,0.0,1
52.034,-22.26,143.58,0.84,0.0,0.0,0.0,1
