Time, x, y, angle, throttle, steer, brake, gear 
0.0,-25.0,139.0,0.0,0.0,0.0,0.0,1
0.075,-25.0,139.0,0.0,0.0,0.0,0.0,1
0.145,-25.0,139.0,0.0,0.0,0.0,0.0,1
0.191,-25.0,139.0,0.0,0.0,0.0,0.0,1
0.259,-25.0,139.0,0.0,0.0,0.0,0.0,1
0.329,-25.0,139.0,0.0,0.0,0.0,0.0,1
0.398,-25.0,139.0,0.0,0.0,0.0,0.0,1
0.467,-25.0,139.0,0.0,0.0,0.0,0.0,1
0.513,-25.0,139.0,0.0,0.0,0.0,0.0,1
0.59,-25.0,139.0,0.0,0.0,0.0,0.0,1
0.659,-25.0,139.0,0.0,0.0,0.0,0.0,1
0.706,-25.0,139.0,0.0,0.0,0.0,0.0,1
0.753,-25.0,139.0,0.0,0.0,0.0,0.0,1
0.821,-25.0,139.0,0.0,0.0,0.0,0.0,1
0.891,-25.0,139.0,0.0,0.0,0.0,0.0,1
0.96,-25.0,139.0,0.0,0.0,0.0,0.0,1
1.042,-25.0,139.0,0.0,0.0,0.0,0.0,1
1.087,-25.0,139.0,0.0,0.0,0.0,0.0,1
1.157,-25.0,139.0,0.0,0.0,0.0,0.0,1
1.202,-25.0,139.0,0.0,0.0,0.0,0.0,1
1.297,-25.0,139.0,0.0,0.0,0.0,0.0,1
1.344,-25.0,139.0,0.0,0.0,0.0,0.0,1
1.412,-25.0,139.0,0.0,0.0,0.0,0.0,1
1.481,-25.0,139.0,0.0,0.0,0.0,0.0,1
1.552,-25.0,139.0,0.0,0.0,0.0,0.0,1
1.6,-25.0,139.0,0.0,0.0,0.0,0.0,1
1.671,-25.0,139.0,0.0,0.0,0.0,0.0,1
1.739,-25.0,139.0,0.0,0.0,0.0,0.0,1
1.785,-25.0,139.0,0.0,0.0,0.1,0.0,1
1.856,-25.0,139.0,0.0,0.0,0.1,0.0,1
1.903,-25.0,139.0,0.0,0.0,0.1,0.0,1
1.997,-25.0,139.0,0.0,0.0,0.2,0.0,1
2.065,-25.0,139.0,0.0,0.0,0.2,0.0,1
2.112,-25.0,139.0,0.0,0.04,0.2,0.0,1
2.181,-25.0,139.0,0.0,0.09,0.3,0.0,1
2.25,-25.0,139.0,0.0,0.13,0.3,0.0,1
2.319,-25.0,139.0,0.0,0.17,0.3,0.0,1
2.387,-25.0,139.0,0.0,0.2,0.4,0.0,1
2.433,-25.0,139.0,0.0,0.24,0.4,0.0,1
2.504,-25.0,139.0,0.0,0.29,0.4,0.0,1
2.573,-25.0,139.0,0.0,0.33,0.5,0.0,1
2.641,-25.0,139.0,0.0,0.36,0.5,0.0,1
2.689,-25.0,139.0,0.0,0.4,0.5,0.0,1
2.758,-25.0,139.0,0.0,0.0,0.6,0.0,1
2.803,-25.0,139.0,0.0,0.0,0.6,0.0,1
2.872,-25.0,139.0,0.0,0.0,0.6,0.0,1
2.942,-25.0,139.0,0.0,0.0,0.6,0.0,1
3.011,-25.0,139.0,0.0,0.0,0.7,0.0,1
3.056,-25.0,139.0,0.0,0.0,0.7,0.0,1
3.148,-25.0,139.0,0.0,0.0,0.7,0.0,1
3.215,-25.0,139.0,0.0,0.0,0.7,0.0,1
3.282,-25.0,139.0,0.0,0.0,0.7,0.0,1
3.329,-25.0,139.0,0.0,0.01,0.7,0.0,1
3.396,-25.0,139.0,0.0,0.06,0.7,0.0,1
3.465,-25.0,139.0,0.0,0.1,0.7,0.0,1
3.536,-25.0,139.0,0.0,0.14,0.7,0.0,1
3.582,-25.0,139.0,0.0,0.17,0.7,0.0,1
3.654,-25.0,139.0,0.0,0.22,0.7,0.0,1
3.725,-25.0,139.0,0.0,0.26,0.7,0.0,1
3.773,-25.0,139.0,0.0,0.29,0.7,0.0,1
3.841,-25.0,139.0,0.0,0.33,0.7,0.0,1
3.909,-25.0,139.0,0.0,0.38,0.7,0.0,1
3.977,-25.0,139.0,0.0,0.0,0.7,0.0,1
4.047,-25.0,139.0,0.0,0.0,0.7,0.0,1
4.116,-25.0,139.0,0.0,0.0,0.7,0.0,1
4.162,-25.0,139.0,0.0,0.0,0.7,0.0,1
4.233,-25.0,139.0,0.0,0.0,0.7,0.0,1
4.302,-25.0,139.0,0.0,0.0,0.7,0.0,1
4.369,-25.0,139.0,0.0,0.0,0.7,0.0,1
4.415,-25.0,139.0,0.0,0.04,0.7,0.0,1
4.486,-25.0,139.0,0.0,0.09,0.7,0.0,1
4.554,-25.0,139.0,0.0,0.13,0.7,0.0,1
4.624,-25.0,139.0,0.0,0.17,0.7,0.0,1
4.669,-25.0,139.0,0.0,0.2,0.7,0.0,1
4.74,-25.0,139.0,0.0,0.25,0.7,0.0,1
4.808,-25.0,139.0,0.0,0.29,0.7,0.0,1
4.878,-25.0,139.0,0.0,0.33,0.7,0.0,1
4.945,-25.0,139.0,0.0,0.36,0.7,0.0,1
4.992,-25.0,139.0,0.0,0.4,0.7,0.0,1
5.063,-25.0,139.0,0.0,0.45,0.7,0.0,1
5.132,-25.0,139.0,0.0,0.49,0.7,0.0,1
5.201,-24.97,139.01,0.56,0.53,0.7,0.0,1
5.248,-24.93,139.03,1.22,0.56,0.7,0.0,1
5.318,-24.87,139.06,2.43,0.61,0.7,0.0,1
5.389,-24.79,139.09,3.84,0.65,0.7,0.0,1
5.436,-24.7,139.13,5.36,0.68,0.7,0.0,1
5.505,-24.64,139.16,6.49,0.72,0.7,0.0,1
5.573,-24.54,139.21,8.26,0.0,0.0,0.0,1
5.618,-24.42,139.26,9.56,0.0,0.0,0.0,1
5.713,-24.29,139.29,9.9,0.0,0.0,0.0,1
5.759,-24.21,139.31,9.9,0.0,0.0,0.0,1
5.828,-24.09,139.33,9.9,0.0,0.0,0.0,1
5.873,-23.98,139.35,9.9,0.0,0.0,0.0,1
5.964,-23.87,139.37,9.9,0.0,0.0,0.0,1
6.01,-23.77,139.39,9.9,0.0,0.0,0.0,1
6.08,-23.7,139.4,9.92,0.0,0.1,0.0,1
6.151,-23.61,139.42,10.13,0.0,0.1,0.0,1
6.22,-23.52,139.44,10.33,0.0,0.1,0.0,1
6.265,-23.44,139.46,10.59,0.0,0.2,0.0,1
6.335,-23.39,139.47,10.83,0.0,0.2,0.0,1
6.404,-23.32,139.5,11.17,0.0,0.2,0.0,1
6.449,-23.25,139.52,11.51,0.0,0.3,0.0,1
6.54,-23.19,139.54,11.93,0.0,0.3,0.0,1
6.607,-23.14,139.56,12.34,0.0,0.3,0.0,1
6.651,-23.09,139.58,12.72,0.03,0.3,0.0,1
6.717,-23.06,139.59,12.93,0.07,0.0,0.0,1
6.784,-23.01,139.6,13.03,0.11,0.0,0.0,1
6.854,-22.97,139.61,13.03,0.16,0.0,0.0,1
6.899,-22.93,139.62,13.04,0.2,0.0,0.0,1
6.992,-22.9,139.63,13.04,0.23,0.0,0.0,1
7.039,-22.87,139.64,13.02,0.27,0.0,0.0,1
7.107,-22.84,139.64,13.01,0.32,0.0,0.0,1
7.175,-22.8,139.65,13.01,0.36,0.0,0.0,1
7.242,-22.75,139.66,13.01,0.4,0.0,0.0,1
7.31,-22.71,139.67,13.03,0.44,0.0,0.0,1
7.357,-22.67,139.68,13.05,0.47,0.0,0.0,1
7.425,-22.62,139.7,13.05,0.51,0.0,0.0,1
7.494,-22.55,139.71,13.05,0.56,0.0,0.0,1
7.562,-22.47,139.73,13.05,0.0,0.0,0.0,1
7.63,-22.39,139.75,13.05,0.0,0.0,0.0,1
7.698,-22.3,139.77,13.05,0.0,0.0,0.0,1
7.744,-22.25,139.78,13.05,0.0,0.0,0.0,1
7.812,-22.17,139.8,13.05,0.0,0.0,0.0,1
7.88,-22.09,139.82,13.05,0.03,0.0,0.0,1
7.946,-22.03,139.83,13.05,0.07,0.0,0.0,1
8.014,-21.97,139.85,13.05,0.11,0.0,0.0,1
8.06,-21.92,139.86,13.05,0.14,0.0,0.0,1
8.127,-21.87,139.87,13.05,0.18,0.0,0.0,1
8.195,-21.81,139.88,13.05,0.23,0.0,0.0,1
8.263,-21.76,139.89,13.05,0.27,0.0,0.0,1
8.331,-21.7,139.91,13.05,0.31,0.0,0.0,1
8.377,-21.65,139.92,13.05,0.35,0.0,0.0,1
8.445,-21.61,139.93,13.05,0.38,0.0,0.0,1
8.512,-21.54,139.94,13.05,0.42,0.0,0.0,1
8.581,-21.47,139.96,13.05,0.47,0.0,0.0,1
8.649,-21.4,139.98,13.05,0.0,-0.0,0.0,1
8.718,-21.32,140.0,13.05,0.0,-0.0,0.0,1
8.785,-21.24,140.01,12.92,0.0,-0.1,0.0,1
8.83,-21.18,140.02,12.79,0.0,-0.1,0.0,1
8.897,-21.1,140.04,12.61,0.0,-0.1,0.0,1
8.943,-21.03,140.05,12.41,0.0,0.0,0.0,1
9.034,-20.96,140.06,12.4,0.0,0.0,0.0,1
9.102,-20.89,140.08,12.4,0.04,0.0,0.0,1
9.148,-20.83,140.09,12.4,0.07,0.0,0.0,1
9.217,-20.8,140.1,12.4,0.11,0.0,0.0,1
9.285,-20.75,140.11,12.4,0.16,0.0,0.0,1
9.354,-20.7,140.12,12.4,0.2,0.0,0.0,1
9.424,-20.65,140.13,12.4,0.24,0.0,0.0,1
9.47,-20.62,140.14,12.4,0.27,0.0,0.0,1
9.536,-20.57,140.15,12.4,0.31,0.0,0.0,1
9.606,-20.52,140.16,12.4,0.36,0.0,0.0,1
9.673,-20.47,140.17,12.41,0.0,-0.0,0.0,1
9.742,-20.41,140.18,12.39,0.0,-0.1,0.0,1
9.808,-20.35,140.19,12.26,0.0,-0.1,0.0,1
9.855,-20.31,140.2,12.16,0.0,-0.1,0.0,1
9.922,-20.25,140.21,12.01,0.0,-0.2,0.0,1
9.99,-20.19,140.22,11.76,0.0,-0.2,0.0,1
10.057,-20.14,140.22,11.51,0.0,-0.2,0.0,1
10.124,-20.09,140.23,11.27,0.0,-0.2,0.0,1
10.17,-20.04,140.23,10.98,0.0,-0.3,0.0,1
10.239,-20.01,140.23,10.76,0.0,-0.3,0.0,1
10.307,-19.97,140.23,10.48,0.0,0.0,0.0,1
10.375,-19.92,140.24,10.43,0.0,0.0,0.0,1
10.445,-19.89,140.24,10.43,0.04,0.0,0.0,1
10.492,-19.87,140.25,10.43,0.07,0.0,0.0,1
10.564,-19.84,140.25,10.44,0.12,0.0,0.0,1
10.632,-19.81,140.26,10.44,0.16,0.0,0.0,1
10.7,-19.79,140.26,10.45,0.2,0.0,0.0,1
10.745,-19.77,140.27,10.45,0.24,0.0,0.0,1
10.813,-19.75,140.27,10.45,0.27,0.0,0.0,1
10.882,-19.73,140.27,10.45,0.32,0.0,0.0,1
10.953,-19.7,140.28,10.45,0.36,0.0,0.0,1
11.024,-19.67,140.28,10.44,0.4,0.0,0.0,1
11.071,-19.64,140.29,10.44,0.43,0.0,0.0,1
11.141,-19.61,140.3,10.45,0.48,0.0,0.0,1
11.185,-19.56,140.3,10.44,0.52,0.0,0.0,1
11.277,-19.51,140.31,10.44,0.56,0.0,0.0,1
11.324,-19.47,140.32,10.45,0.59,0.0,0.0,1
11.391,-19.41,140.33,10.46,0.63,-0.0,0.0,1
11.46,-19.34,140.35,10.44,0.68,-0.1,0.0,1
11.528,-19.25,140.36,10.27,0.72,-0.1,0.0,1
11.597,-19.16,140.37,10.05,0.76,-0.1,0.0,1
11.665,-19.05,140.38,9.78,0.79,-0.1,0.0,1
11.713,-18.96,140.39,9.43,0.83,-0.2,0.0,1
11.78,-18.83,140.4,8.82,0.88,-0.2,0.0,1
11.848,-18.67,140.41,8.12,0.92,-0.2,0.0,1
11.917,-18.49,140.41,7.08,0.96,-0.3,0.0,1
11.964,-18.35,140.41,6.2,0.0,0.0,0.0,1
12.033,-18.12,140.42,5.68,0.0,0.0,0.0,1
12.103,-17.88,140.44,5.64,0.0,0.0,0.0,1
12.173,-17.64,140.46,5.64,0.0,0.0,0.0,1
12.24,-17.42,140.48,5.64,0.0,0.0,0.0,1
12.286,-17.27,140.5,5.51,0.0,-0.1,0.0,1
12.356,-17.06,140.51,5.07,0.0,-0.1,0.0,1
12.427,-16.87,140.51,4.62,0.0,-0.1,0.0,1
12.496,-16.68,140.51,3.98,0.0,-0.2,0.0,1
12.541,-16.57,140.51,3.48,0.0,-0.2,0.0,1
12.608,-16.41,140.5,2.76,0.0,-0.2,0.0,1
12.675,-16.26,140.49,2.0,0.0,-0.3,0.0,1
12.743,-16.11,140.48,1.06,0.0,-0.3,0.0,1
12.813,-15.98,140.46,0.14,0.0,-0.3,0.0,1
12.882,-15.85,140.45,-0.32,0.0,0.0,0.0,1
12.928,-15.76,140.45,-0.34,0.0,0.0,0.0,1
12.998,-15.65,140.45,-0.34,0.0,0.0,0.0,1
13.067,-15.53,140.45,-0.34,0.0,0.0,0.0,1
13.136,-15.43,140.44,-0.34,0.0,0.0,0.0,1
13.202,-15.34,140.44,-0.34,0.0,0.0,0.0,1
13.249,-15.27,140.44,-0.34,0.0,0.0,0.0,1
13.321,-15.18,140.44,-0.34,0.0,0.0,0.2,1
13.369,-15.1,140.44,-0.34,0.0,0.0,0.8,1
13.44,-15.07,140.44,-0.34,0.0,0.0,1.0,1
13.51,-15.07,140.44,-0.34,0.0,0.0,1.0,1
13.579,-15.07,140.44,-0.34,0.0,0.0,1.0,1
13.648,-15.07,140.44,-0.34,0.0,0.0,1.0,1
13.715,-15.07,140.44,-0.34,0.0,0.0,1.0,1
13.76,-15.07,140.44,-0.34,0.0,0.0,1.0,1
13.829,-15.07,140.44,-0.34,0.0,0.0,1.0,1
13.898,-15.07,140.44,-0.34,0.0,0.0,0.0,1
13.942,-15.07,140.44,-0.34,0.0,0.0,0.0,1
14.031,-15.07,140.44,-0.34,0.0,0.0,0.0,1
14.076,-15.07,140.44,-0.34,0.0,0.0,0.0,1
14.145,-15.07,140.44,-0.34,0.0,0.0,0.0,1
14.212,-15.07,140.44,-0.34,0.0,0.0,0.0,1
14.279,-15.07,140.44,-0.34,0.0,0.0,0.0,1
14.346,-15.07,140.44,-0.34,0.0,0.0,0.0,1
14.413,-15.07,140.44,-0.34,0.0,0.0,0.0,1
14.458,-15.07,140.44,-0.34,0.0,0.0,0.0,1
14.528,-15.07,140.44,-0.34,0.0,0.0,0.0,1
14.596,-15.07,140.44,-0.34,0.0,0.0,0.0,1
14.663,-15.07,140.44,-0.34,0.0,0.0,0.0,1
14.708,-15.07,140.44,-0.34,0.0,0.0,0.0,1
14.799,-15.07,140.44,-0.34,0.0,0.0,0.0,1
14.845,-15.07,140.44,-0.34,0.0,0.0,0.0,1
14.912,-15.07,140.44,-0.34,0.0,0.0,0.0,1
14.98,-15.07,140.44,-0.34,0.0,0.0,0.0,1
15.047,-15.07,140.44,-0.34,0.0,0.0,0.0,1
15.114,-15.07,140.44,-0.34,0.0,0.0,0.0,1
15.181,-15.07,140.44,-0.34,0.0,0.0,0.0,1
15.247,-15.07,140.44,-0.34,0.0,0.0,0.0,1
15.315,-15.07,140.44,-0.34,0.0,0.0,0.0,1
15.361,-15.07,140.44,-0.34,0.0,0.0,0.0,1
15.431,-15.07,140.44,-0.34,0.0,0.0,0.0,1
15.477,-15.07,140.44,-0.34,0.0,0.0,0.0,1
15.546,-15.07,140.44,-0.34,0.0,0.0,0.0,1
15.614,-15.07,140.44,-0.34,0.0,0.0,0.0,1
15.684,-15.07,140.44,-0.34,0.0,0.0,0.0,1
15.752,-15.07,140.44,-0.34,0.0,0.0,0.0,1
15.82,-15.07,140.44,-0.34,0.0,0.0,0.0,1
15.887,-15.07,140.44,-0.34,0.0,0.0,0.0,1
15.931,-15.07,140.44,-0.34,0.0,0.0,0.0,1
15.998,-15.07,140.44,-0.34,0.0,0.0,0.0,1
16.067,-15.07,140.44,-0.34,0.0,0.0,0.0,-1
16.138,-15.07,140.44,-0.34,0.0,0.0,0.0,-1
16.206,-15.07,140.44,-0.34,0.0,0.0,0.0,-1
16.251,-15.07,140.44,-0.34,0.0,0.0,0.0,-1
16.32,-15.07,140.44,-0.34,0.0,0.0,0.0,-1
16.389,-15.07,140.44,-0.34,0.0,0.0,0.0,-1
16.432,-15.07,140.44,-0.34,0.0,0.0,0.0,-1
16.523,-15.07,140.44,-0.34,0.0,0.0,0.0,-1
16.589,-15.07,140.44,-0.34,0.0,0.0,0.0,-1
16.637,-15.07,140.44,-0.34,0.0,0.0,0.0,-1
16.706,-15.07,140.44,-0.34,0.0,0.0,0.0,-1
16.751,-15.07,140.44,-0.34,0.0,0.0,0.0,-1
16.842,-15.07,140.44,-0.34,0.0,0.0,0.0,-1
16.91,-15.07,140.44,-0.34,0.0,0.0,0.0,-1
16.957,-15.07,140.44,-0.34,0.0,0.0,0.0,-1
17.024,-15.07,140.44,-0.34,0.0,0.0,0.0,-1
17.073,-15.07,140.44,-0.34,0.0,0.0,0.0,-1
17.166,-15.07,140.44,-0.34,0.0,0.0,0.0,-1
17.214,-15.07,140.44,-0.34,0.0,0.0,0.0,-1
17.282,-15.07,140.44,-0.34,0.0,0.0,0.0,-1
17.349,-15.07,140.44,-0.34,0.0,0.0,0.0,-1
17.418,-15.07,140.44,-0.34,0.0,0.0,0.0,-1
17.489,-15.07,140.44,-0.34,0.0,0.0,0.0,-1
17.534,-15.07,140.44,-0.34,0.0,0.0,0.0,-1
17.603,-15.07,140.44,-0.34,0.0,0.0,0.0,-1
17.67,-15.07,140.44,-0.34,0.0,0.0,0.0,-1
17.736,-15.07,140.44,-0.34,0.0,0.0,0.0,-1
17.804,-15.07,140.44,-0.34,0.0,0.0,0.0,-1
17.87,-15.07,140.44,-0.34,0.0,0.0,0.0,-1
17.915,-15.07,140.44,-0.34,0.0,0.0,0.0,-1
17.984,-15.07,140.44,-0.34,0.0,0.0,0.0,-1
18.052,-15.07,140.44,-0.34,0.0,0.0,0.0,-1
18.12,-15.07,140.44,-0.34,0.0,0.0,0.0,-1
18.189,-15.07,140.44,-0.34,0.0,0.0,0.0,-1
18.257,-15.07,140.44,-0.34,0.0,0.0,0.0,-1
18.324,-15.07,140.44,-0.34,0.0,0.0,0.0,-1
18.369,-15.07,140.44,-0.34,0.0,0.0,0.0,-1
18.416,-15.07,140.44,-0.34,0.0,0.0,0.0,-1
18.508,-15.07,140.44,-0.34,0.0,0.0,0.0,-1
18.575,-15.07,140.44,-0.34,0.0,0.0,0.0,-1
18.621,-15.07,140.44,-0.34,0.0,0.0,0.0,-1
18.69,-15.07,140.44,-0.34,0.0,0.0,0.0,-1
18.759,-15.07,140.44,-0.34,0.0,0.0,0.0,-1
18.827,-15.07,140.44,-0.34,0.0,0.0,0.0,-1
18.873,-15.07,140.44,-0.34,0.0,0.0,0.0,-1
18.942,-15.07,140.44,-0.34,0.0,0.0,0.0,-1
19.011,-15.07,140.44,-0.34,0.03,0.0,0.0,-1
19.057,-15.07,140.44,-0.34,0.07,0.0,0.0,-1
19.149,-15.07,140.44,-0.34,0.11,0.0,0.0,-1
19.196,-15.07,140.44,-0.34,0.14,0.0,0.0,-1
19.265,-15.07,140.44,-0.34,0.18,0.0,0.0,-1
19.334,-15.08,140.44,-0.34,0.23,0.0,0.0,-1
19.402,-15.08,140.44,-0.34,0.27,0.0,0.0,-1
19.448,-15.08,140.44,-0.34,0.31,0.0,0.0,-1
19.518,-15.08,140.44,-0.34,0.34,0.0,0.0,-1
19.588,-15.08,140.44,-0.34,0.39,0.0,0.0,-1
19.657,-15.08,140.44,-0.34,0.43,0.0,0.0,-1
19.725,-15.1,140.44,-0.34,0.0,0.0,0.0,-1
19.771,-15.12,140.44,-0.33,0.0,0.0,0.0,-1
19.84,-15.14,140.44,-0.34,0.0,0.0,0.0,-1
19.887,-15.17,140.44,-0.34,0.0,0.0,0.0,-1
19.977,-15.2,140.44,-0.34,0.0,0.0,0.0,-1
20.044,-15.23,140.44,-0.34,0.0,0.0,0.0,-1
20.112,-15.26,140.44,-0.36,0.0,0.1,0.0,-1
20.158,-15.28,140.44,-0.4,0.0,0.1,0.0,-1
20.225,-15.3,140.44,-0.46,0.0,0.1,0.0,-1
20.293,-15.32,140.44,-0.52,0.0,0.2,0.0,-1
20.338,-15.35,140.44,-0.62,0.0,0.2,0.0,-1
20.429,-15.37,140.44,-0.72,0.0,0.2,0.0,-1
20.476,-15.38,140.43,-0.79,0.0,0.2,0.0,-1
20.547,-15.4,140.43,-0.92,0.0,0.3,0.0,-1
20.593,-15.42,140.43,-1.05,0.0,0.3,0.0,-1
20.688,-15.44,140.43,-1.14,0.0,0.0,0.0,-1
20.733,-15.45,140.43,-1.14,0.0,0.0,0.0,-1
20.803,-15.47,140.43,-1.14,0.0,0.0,0.0,-1
20.873,-15.48,140.43,-1.14,0.04,0.0,0.0,-1
20.943,-15.49,140.43,-1.14,0.08,0.0,0.0,-1
20.99,-15.5,140.43,-1.14,0.11,0.0,0.0,-1
21.059,-15.51,140.43,-1.14,0.16,0.0,0.0,-1
21.127,-15.52,140.43,-1.14,0.2,0.0,0.0,-1
21.195,-15.53,140.43,-1.14,0.24,0.0,0.0,-1
21.262,-15.53,140.43,-1.14,0.28,0.0,0.0,-1
21.308,-15.54,140.43,-1.15,0.31,0.0,0.0,-1
21.377,-15.55,140.43,-1.15,0.35,0.0,0.0,-1
21.447,-15.56,140.43,-1.15,0.4,0.0,0.0,-1
21.516,-15.58,140.43,-1.15,0.44,0.0,0.0,-1
21.587,-15.61,140.43,-1.14,0.47,0.0,0.0,-1
21.633,-15.63,140.43,-1.14,0.51,0.0,0.0,-1
21.702,-15.67,140.43,-1.15,0.0,0.0,0.0,-1
21.77,-15.71,140.43,-1.16,0.0,0.0,0.0,-1
21.839,-15.77,140.43,-1.16,0.0,0.0,0.0,-1
21.888,-15.81,140.44,-1.16,0.0,0.0,0.0,-1
21.957,-15.86,140.44,-1.16,0.0,0.0,0.0,-1
22.003,-15.91,140.44,-1.2,0.0,0.1,0.0,-1
22.095,-15.96,140.43,-1.32,0.0,0.1,0.0,-1
22.142,-15.99,140.43,-1.39,0.0,0.1,0.0,-1
22.213,-16.04,140.43,-1.55,0.0,0.2,0.0,-1
22.283,-16.08,140.43,-1.75,0.0,0.2,0.0,-1
22.33,-16.12,140.43,-1.94,0.0,0.2,0.0,-1
22.398,-16.15,140.42,-2.06,0.0,0.3,0.0,-1
22.467,-16.19,140.42,-2.31,0.0,0.3,0.0,-1
22.537,-16.22,140.42,-2.55,0.0,0.3,0.0,-1
22.61,-16.26,140.41,-2.82,0.0,0.4,0.0,-1
22.657,-16.28,140.41,-3.02,0.0,0.4,0.0,-1
22.705,-16.31,140.4,-3.3,0.0,0.4,0.0,-1
22.797,-16.33,140.4,-3.53,0.04,0.5,0.0,-1
22.843,-16.35,140.4,-3.7,0.07,0.5,0.0,-1
22.912,-16.37,140.39,-3.94,0.11,0.5,0.0,-1
22.982,-16.39,140.39,-4.14,0.16,0.6,0.0,-1
23.052,-16.4,140.39,-4.34,0.2,0.6,0.0,-1
23.099,-16.42,140.38,-4.54,0.23,0.6,0.0,-1
23.169,-16.43,140.38,-4.67,0.27,0.6,0.0,-1
23.237,-16.44,140.38,-4.89,0.32,0.7,0.0,-1
23.307,-16.46,140.37,-5.17,0.36,0.7,0.0,-1
23.355,-16.47,140.37,-5.42,0.39,0.7,0.0,-1
23.425,-16.5,140.36,-5.83,0.43,0.7,0.0,-1
23.496,-16.53,140.35,-6.39,0.48,0.7,0.0,-1
23.543,-16.57,140.34,-7.05,0.52,0.7,0.0,-1
23.612,-16.6,140.33,-7.57,0.55,0.7,0.0,-1
23.681,-16.65,140.32,-8.51,0.59,0.7,0.0,-1
23.752,-16.72,140.31,-9.6,0.0,0.7,0.0,-1
23.796,-16.79,140.29,-10.76,0.0,0.7,0.0,-1
23.866,-16.84,140.28,-11.55,0.0,0.7,0.0,-1
23.936,-16.91,140.27,-12.74,0.0,0.7,0.0,-1
24.008,-16.98,140.26,-13.91,0.0,0.7,0.0,-1
24.078,-17.05,140.26,-14.9,0.0,0.0,0.0,-1
24.124,-17.09,140.26,-15.26,0.0,0.0,0.0,-1
24.194,-17.16,140.27,-15.39,0.0,0.0,0.0,-1
24.264,-17.22,140.29,-15.39,0.0,0.0,0.0,-1
24.32,-17.26,140.3,-15.39,0.0,0.0,0.0,-1
24.391,-17.32,140.32,-15.39,0.0,0.0,0.0,-1
24.462,-17.37,140.33,-15.39,0.0,0.0,0.0,-1
24.509,-17.4,140.34,-15.39,0.0,0.0,0.0,-1
24.579,-17.45,140.35,-15.39,0.0,0.0,0.0,-1
24.65,-17.49,140.36,-15.43,0.0,0.1,0.0,-1
24.698,-17.52,140.37,-15.5,0.0,0.1,0.0,-1
24.767,-17.56,140.38,-15.6,0.0,0.1,0.0,-1
24.836,-17.6,140.39,-15.73,0.0,0.2,0.0,-1
24.906,-17.64,140.39,-15.9,0.0,0.2,0.0,-1
24.975,-17.67,140.4,-16.06,0.0,0.2,0.0,-1
25.022,-17.7,140.4,-16.18,0.0,0.3,0.0,-1
25.093,-17.73,140.41,-16.4,0.0,0.3,0.0,-1
25.162,-17.76,140.41,-16.6,0.03,0.3,0.0,-1
25.232,-17.78,140.41,-16.78,0.07,0.4,0.0,-1
25.279,-17.8,140.42,-16.92,0.1,0.4,0.0,-1
25.348,-17.82,140.42,-17.1,0.15,0.4,0.0,-1
25.395,-17.83,140.42,-17.27,0.19,0.5,0.0,-1
25.49,-17.85,140.42,-17.44,0.22,0.5,0.0,-1
25.537,-17.86,140.42,-17.55,0.26,0.5,0.0,-1
25.607,-17.88,140.42,-17.75,0.31,0.6,0.0,-1
25.678,-17.9,140.42,-17.99,0.35,0.6,0.0,-1
25.726,-17.91,140.42,-18.22,0.38,0.6,0.0,-1
25.796,-17.94,140.42,-18.6,0.43,0.6,0.0,-1
25.843,-17.97,140.42,-19.1,0.47,0.7,0.0,-1
25.935,-18.01,140.42,-19.76,0.0,0.7,0.0,-1
25.981,-18.04,140.42,-20.25,0.0,0.7,0.0,-1
26.053,-18.09,140.42,-21.07,0.0,0.7,0.0,-1
26.102,-18.14,140.42,-21.91,0.0,0.7,0.0,-1
26.173,-18.18,140.42,-22.43,0.0,0.7,0.0,-1
26.244,-18.22,140.42,-23.2,0.0,0.7,0.0,-1
26.292,-18.27,140.42,-23.96,0.0,0.7,0.0,-1
26.366,-18.3,140.42,-24.44,0.0,0.7,0.0,-1
26.44,-18.34,140.43,-25.13,0.0,0.7,0.0,-1
26.51,-18.38,140.43,-25.77,0.0,0.7,0.0,-1
26.557,-18.41,140.43,-26.16,0.0,0.7,0.0,-1
26.627,-18.44,140.43,-26.74,0.0,0.7,0.0,-1
26.697,-18.48,140.44,-27.29,0.0,0.7,0.0,-1
26.769,-18.51,140.44,-27.81,0.0,0.7,0.0,-1
26.815,-18.53,140.44,-28.14,0.0,0.7,0.0,-1
26.863,-18.56,140.45,-28.63,0.0,0.7,0.0,-1
26.958,-18.59,140.45,-29.08,0.0,0.7,0.0,-1
27.005,-18.6,140.45,-29.37,0.0,0.7,0.0,-1
27.075,-18.63,140.46,-29.77,0.0,0.7,0.0,-1
27.147,-18.65,140.46,-30.17,0.0,0.7,0.0,-1
27.216,-18.67,140.46,-30.54,0.0,0.7,0.0,-1
27.264,-18.69,140.47,-30.78,0.0,0.7,0.0,-1
27.335,-18.71,140.47,-31.12,0.0,0.7,0.0,-1
27.38,-18.73,140.47,-31.43,0.0,0.7,0.0,-1
27.474,-18.75,140.48,-31.73,0.0,0.7,0.0,-1
27.521,-18.76,140.48,-31.91,0.04,0.7,0.0,-1
27.592,-18.77,140.48,-32.13,0.09,0.0,0.0,-1
27.662,-18.78,140.49,-32.23,0.13,0.0,0.0,-1
27.71,-18.79,140.49,-32.25,0.16,0.0,0.0,-1
27.758,-18.8,140.49,-32.25,0.21,0.0,0.0,-1
27.856,-18.81,140.5,-32.25,0.25,0.0,0.0,-1
27.905,-18.81,140.5,-32.25,0.28,0.0,0.0,-1
27.978,-18.82,140.51,-32.25,0.33,0.0,0.0,-1
28.026,-18.83,140.52,-32.25,0.36,0.0,0.0,-1
28.097,-18.84,140.52,-32.23,0.4,0.0,0.0,-1
28.167,-18.86,140.54,-32.23,0.45,0.0,0.0,-1
28.24,-18.89,140.55,-32.23,0.49,0.0,0.0,-1
28.289,-18.91,140.57,-32.23,0.52,0.0,0.0,-1
28.361,-18.95,140.59,-32.22,0.57,0.0,0.0,-1
28.431,-19.0,140.62,-32.24,0.61,0.0,0.0,-1
28.479,-19.03,140.64,-32.23,0.0,0.0,0.0,-1
28.528,-19.1,140.68,-32.24,0.0,0.0,0.0,-1
28.623,-19.16,140.72,-32.24,0.0,0.0,0.0,-1
28.67,-19.2,140.75,-32.24,0.0,0.0,0.0,-1
28.742,-19.27,140.79,-32.24,0.0,0.0,0.0,-1
28.812,-19.33,140.83,-32.24,0.0,0.0,0.0,-1
28.86,-19.37,140.85,-32.24,0.0,0.0,0.0,-1
28.931,-19.42,140.89,-32.24,0.0,0.0,0.0,-1
29.004,-19.48,140.92,-32.24,0.0,0.0,0.0,-1
29.074,-19.53,140.95,-32.24,0.0,0.0,0.0,-1
29.122,-19.56,140.97,-32.24,0.0,0.0,0.0,-1
29.17,-19.6,141.0,-32.24,0.0,0.0,0.0,-1
29.264,-19.65,141.03,-32.24,0.0,0.0,0.0,-1
29.311,-19.67,141.05,-32.24,0.0,0.0,0.0,-1
29.38,-19.71,141.07,-32.31,0.0,0.1,0.0,-1
29.428,-19.75,141.09,-32.42,0.0,0.1,0.0,-1
29.498,-19.78,141.1,-32.48,0.0,0.1,0.0,-1
29.572,-19.81,141.12,-32.65,0.0,0.2,0.0,-1
29.643,-19.85,141.14,-32.83,0.0,0.2,0.0,-1
29.691,-19.87,141.15,-32.94,0.0,0.2,0.0,-1
29.764,-19.9,141.17,-33.14,0.0,0.3,0.0,-1
29.838,-19.93,141.18,-33.37,0.0,0.3,0.0,-1
29.885,-19.95,141.19,-33.51,0.0,0.3,0.0,-1
29.956,-19.98,141.2,-33.74,0.0,0.4,0.0,-1
30.028,-20.0,141.21,-34.0,0.0,0.4,0.0,-1
30.099,-20.03,141.22,-34.24,0.0,0.4,0.0,-1
30.148,-20.04,141.23,-34.4,0.0,0.5,0.0,-1
30.219,-20.07,141.24,-34.67,0.0,0.5,0.0,-1
30.29,-20.09,141.24,-34.93,0.0,0.5,0.0,-1
30.337,-20.1,141.25,-35.09,0.0,0.6,0.0,-1
30.407,-20.12,141.26,-35.36,0.0,0.0,0.0,-1
30.478,-20.14,141.26,-35.49,0.0,0.0,0.0,-1
30.548,-20.15,141.27,-35.5,0.0,0.0,0.0,-1
30.595,-20.16,141.28,-35.5,0.0,0.0,0.0,-1
30.665,-20.18,141.29,-35.5,0.0,0.0,0.0,-1
30.712,-20.19,141.3,-35.5,0.0,0.0,0.0,-1
30.781,-20.2,141.31,-35.5,0.0,0.0,0.0,-1
30.85,-20.21,141.32,-35.5,0.0,0.0,0.0,-1
30.922,-20.22,141.32,-35.5,0.0,0.0,0.0,-1
30.969,-20.23,141.33,-35.5,0.0,0.0,0.0,-1
31.04,-20.24,141.34,-35.5,0.0,0.0,0.0,-1
31.112,-20.25,141.34,-35.5,0.0,0.0,0.0,-1
31.184,-20.26,141.35,-35.5,0.0,0.0,0.0,-1
31.232,-20.27,141.35,-35.5,0.0,0.0,0.0,-1
31.281,-20.27,141.36,-35.5,0.0,0.0,0.0,-1
31.352,-20.28,141.37,-35.5,0.0,0.0,0.0,-1
31.424,-20.29,141.37,-35.5,0.0,0.0,0.0,-1
31.496,-20.3,141.38,-35.5,0.0,0.0,0.0,-1
31.565,-20.3,141.38,-35.5,0.0,0.0,0.0,-1
31.634,-20.31,141.39,-35.5,0.0,0.0,0.0,-1
31.682,-20.31,141.39,-35.5,0.0,0.0,0.0,-1
31.752,-20.32,141.39,-35.5,0.0,0.0,0.0,-1
31.822,-20.33,141.4,-35.5,0.0,0.0,0.0,-1
31.87,-20.33,141.4,-35.5,0.0,0.0,0.0,-1
31.942,-20.33,141.4,-35.5,0.0,0.0,0.0,-1
32.014,-20.33,141.4,-35.5,0.0,0.0,0.0,-1
32.063,-20.33,141.4,-35.5,0.0,0.0,0.0,-1
32.133,-20.33,141.4,-35.5,0.0,0.0,0.0,-1
32.204,-20.33,141.4,-35.5,0.0,0.0,0.0,-1
32.25,-20.33,141.4,-35.5,0.0,0.0,0.0,-1
32.321,-20.33,141.4,-35.5,0.0,0.0,0.0,-1
32.393,-20.33,141.4,-35.5,0.0,-0.1,0.0,-1
32.441,-20.33,141.4,-35.5,0.0,-0.1,0.0,-1
32.51,-20.33,141.4,-35.5,0.0,-0.1,0.0,-1
32.581,-20.33,141.4,-35.5,0.0,-0.2,0.0,-1
32.654,-20.33,141.4,-35.5,0.0,-0.2,0.0,-1
32.702,-20.33,141.4,-35.5,0.0,-0.2,0.0,-1
32.751,-20.33,141.4,-35.51,0.05,-0.3,0.0,-1
32.846,-20.33,141.4,-35.51,0.09,-0.3,0.0,-1
32.892,-20.33,141.4,-35.52,0.12,-0.3,0.0,-1
32.963,-20.33,141.4,-35.53,0.17,-0.4,0.0,-1
33.034,-20.33,141.4,-35.53,0.21,-0.4,0.0,-1
33.081,-20.33,141.4,-35.53,0.24,-0.4,0.0,-1
33.153,-20.33,141.4,-35.52,0.0,-0.5,0.0,-1
33.2,-20.33,141.41,-35.43,0.0,-0.5,0.0,-1
33.295,-20.34,141.41,-35.32,0.0,-0.5,0.0,-1
33.343,-20.35,141.42,-35.23,0.0,-0.6,0.0,-1
33.413,-20.35,141.43,-35.09,0.0,-0.6,0.0,-1
33.459,-20.36,141.43,-34.96,0.0,-0.6,0.0,-1
33.553,-20.36,141.44,-34.82,0.0,-0.6,0.0,-1
33.6,-20.37,141.45,-34.74,0.0,0.0,0.0,-1
33.671,-20.37,141.45,-34.69,0.0,0.0,0.0,-1
33.716,-20.38,141.46,-34.69,0.0,0.0,0.0,-1
33.809,-20.39,141.46,-34.69,0.0,0.0,0.0,-1
33.857,-20.39,141.47,-34.69,0.0,0.0,0.0,-1
33.929,-20.4,141.47,-34.69,0.0,0.0,0.0,-1
33.999,-20.41,141.47,-34.7,0.0,0.1,0.0,-1
34.047,-20.41,141.48,-34.71,0.0,0.1,0.0,-1
34.119,-20.41,141.48,-34.73,0.0,0.1,0.0,-1
34.167,-20.42,141.48,-34.75,0.0,0.2,0.0,-1
34.238,-20.42,141.49,-34.77,0.0,0.2,0.0,-1
34.309,-20.43,141.49,-34.79,0.02,0.2,0.0,-1
34.379,-20.43,141.49,-34.82,0.06,0.3,0.0,-1
34.448,-20.44,141.49,-34.85,0.09,0.3,0.0,-1
34.495,-20.44,141.49,-34.86,0.13,0.3,0.0,-1
34.567,-20.44,141.5,-34.89,0.18,0.4,0.0,-1
34.637,-20.45,141.5,-34.92,0.22,0.4,0.0,-1
34.708,-20.45,141.5,-34.94,0.25,0.4,0.0,-1
34.754,-20.45,141.5,-34.96,0.3,0.4,0.0,-1
34.826,-20.45,141.5,-35.0,0.34,0.5,0.0,-1
34.874,-20.46,141.5,-35.07,0.37,0.5,0.0,-1
34.946,-20.47,141.51,-35.23,0.0,0.5,0.0,-1
35.017,-20.49,141.51,-35.53,0.0,0.6,0.0,-1
35.065,-20.52,141.52,-35.88,0.0,0.6,0.0,-1
35.136,-20.53,141.53,-36.1,0.0,0.6,0.0,-1
35.185,-20.56,141.53,-36.47,0.0,0.7,0.0,-1
35.258,-20.58,141.54,-36.85,0.0,0.7,0.0,-1
35.328,-20.59,141.54,-37.09,0.0,0.7,0.0,-1
35.375,-20.61,141.55,-37.44,0.0,0.7,0.0,-1
35.444,-20.63,141.56,-37.76,0.0,0.7,0.0,-1
35.516,-20.65,141.56,-38.07,0.0,0.7,0.0,-1
35.585,-20.66,141.57,-38.23,0.0,0.0,0.0,-1
35.658,-20.68,141.57,-38.35,0.0,0.0,0.0,-1
35.728,-20.69,141.59,-38.36,0.0,0.0,0.0,-1
35.776,-20.7,141.59,-38.36,0.04,0.0,0.0,-1
35.846,-20.71,141.6,-38.36,0.09,0.0,0.0,-1
35.916,-20.72,141.61,-38.36,0.13,0.0,0.0,-1
35.966,-20.73,141.61,-38.36,0.16,0.0,0.0,-1
36.036,-20.73,141.62,-38.36,0.21,0.0,0.0,-1
36.107,-20.74,141.62,-38.36,0.25,0.0,0.0,-1
36.154,-20.74,141.63,-38.36,0.28,0.0,0.0,-1
36.226,-20.75,141.63,-38.35,0.32,0.0,0.0,-1
36.295,-20.76,141.64,-38.34,0.37,0.0,0.0,-1
36.366,-20.77,141.65,-38.32,0.41,0.0,0.0,-1
36.415,-20.78,141.66,-38.33,0.44,0.0,0.0,-1
36.489,-20.81,141.68,-38.33,0.0,0.0,0.0,-1
36.558,-20.84,141.7,-38.33,0.0,0.0,0.0,-1
36.606,-20.86,141.72,-38.33,0.0,0.0,0.0,-1
36.678,-20.89,141.74,-38.33,0.0,0.0,0.0,-1
36.749,-20.92,141.77,-38.33,0.0,0.0,0.0,-1
36.798,-20.94,141.78,-38.33,0.0,0.0,0.0,-1
36.869,-20.97,141.81,-38.33,0.0,0.0,0.0,-1
36.942,-21.0,141.83,-38.33,0.0,0.0,0.0,-1
36.99,-21.02,141.84,-38.33,0.0,0.0,0.0,-1
37.058,-21.04,141.86,-38.33,0.0,0.0,0.0,-1
37.132,-21.07,141.88,-38.33,0.0,0.0,0.0,-1
37.178,-21.08,141.9,-38.33,0.0,0.0,0.0,-1
37.248,-21.11,141.91,-38.33,0.0,0.0,0.0,-1
37.296,-21.13,141.93,-38.33,0.0,0.0,0.0,-1
37.369,-21.14,141.94,-38.33,0.0,0.0,0.0,-1
37.441,-21.16,141.96,-38.33,0.0,0.0,0.0,-1
37.512,-21.18,141.97,-38.31,0.0,-0.1,0.0,-1
37.584,-21.19,141.98,-38.25,0.0,-0.1,0.0,-1
37.631,-21.2,141.99,-38.22,0.0,-0.1,0.0,-1
37.702,-21.22,142.01,-38.16,0.0,-0.2,0.0,-1
37.774,-21.23,142.02,-38.07,0.0,-0.2,0.0,-1
37.823,-21.24,142.03,-38.01,0.0,-0.2,0.0,-1
37.897,-21.25,142.04,-37.92,0.0,-0.3,0.0,-1
37.968,-21.27,142.05,-37.82,0.0,-0.3,0.0,-1
38.015,-21.27,142.06,-37.75,0.0,-0.3,0.0,-1
38.089,-21.28,142.07,-37.64,0.0,-0.4,0.0,-1
38.138,-21.29,142.08,-37.51,0.0,-0.4,0.0,-1
38.208,-21.3,142.09,-37.43,0.0,-0.4,0.0,-1
38.28,-21.31,142.1,-37.31,0.0,-0.5,0.0,-1
38.352,-21.31,142.11,-37.18,0.0,-0.5,0.0,-1
38.4,-21.32,142.11,-37.1,0.01,-0.5,0.0,-1
38.471,-21.32,142.12,-36.98,0.06,-0.6,0.0,-1
38.542,-21.33,142.13,-36.87,0.1,-0.6,0.0,-1
38.589,-21.33,142.13,-36.8,0.13,-0.6,0.0,-1
38.659,-21.34,142.14,-36.71,0.18,-0.6,0.0,-1
38.729,-21.34,142.14,-36.63,0.22,-0.7,0.0,-1
38.777,-21.34,142.14,-36.57,0.25,-0.7,0.0,-1
38.849,-21.34,142.15,-36.48,0.29,-0.7,0.0,-1
38.897,-21.35,142.16,-36.36,0.34,-0.7,0.0,-1
38.969,-21.35,142.16,-36.23,0.37,-0.7,0.0,-1
39.04,-21.36,142.17,-36.07,0.41,-0.7,0.0,-1
39.113,-21.37,142.19,-35.76,0.0,-0.7,0.0,-1
39.162,-21.38,142.21,-35.27,0.0,-0.7,0.0,-1
39.233,-21.4,142.23,-34.9,0.0,-0.7,0.0,-1
39.306,-21.41,142.26,-34.33,0.0,-0.7,0.0,-1
39.376,-21.44,142.29,-33.85,0.0,0.0,0.0,-1
39.423,-21.45,142.3,-33.67,0.0,0.0,0.0,-1
39.493,-21.48,142.32,-33.62,0.0,0.0,0.0,-1
39.539,-21.5,142.34,-33.62,0.0,0.0,0.0,-1
39.611,-21.53,142.35,-33.62,0.0,0.0,0.0,-1
39.683,-21.55,142.37,-33.62,0.0,0.0,0.0,-1
39.754,-21.57,142.38,-33.62,0.0,0.0,0.0,-1
39.825,-21.59,142.4,-33.62,0.0,0.0,0.0,-1
39.874,-21.6,142.4,-33.62,0.0,0.0,0.0,-1
39.921,-21.62,142.42,-33.62,0.0,0.0,0.0,-1
40.016,-21.64,142.43,-33.66,0.0,0.1,0.0,-1
40.065,-21.66,142.44,-33.69,0.0,0.1,0.0,-1
40.134,-21.67,142.45,-33.74,0.0,0.1,0.0,-1
40.182,-21.69,142.46,-33.82,0.0,0.2,0.0,-1
40.254,-21.7,142.46,-33.88,0.0,0.2,0.0,-1
40.325,-21.72,142.47,-33.9,0.0,0.0,0.0,-1
40.375,-21.73,142.48,-33.9,0.0,0.0,0.0,-1
40.447,-21.74,142.49,-33.9,0.0,0.0,0.0,-1
40.517,-21.75,142.5,-33.9,0.0,0.0,0.0,-1
40.564,-21.76,142.5,-33.9,0.0,0.0,0.0,-1
40.635,-21.77,142.51,-33.9,0.0,0.0,0.0,-1
40.705,-21.78,142.52,-33.9,0.04,0.0,0.0,-1
40.753,-21.79,142.52,-33.9,0.09,0.0,0.0,-1
40.847,-21.8,142.53,-33.9,0.13,0.0,0.0,-1
40.894,-21.8,142.53,-33.9,0.16,0.0,0.0,-1
40.964,-21.81,142.54,-33.9,0.0,0.0,0.0,-1
41.034,-21.82,142.54,-33.9,0.0,0.0,0.0,-1
41.081,-21.84,142.55,-33.9,0.0,0.0,0.0,-1
41.152,-21.84,142.56,-33.88,0.0,-0.1,0.0,-1
41.22,-21.85,142.57,-33.85,0.0,-0.1,0.0,-1
41.291,-21.86,142.57,-33.82,0.0,-0.1,0.0,-1
41.361,-21.87,142.58,-33.78,0.0,-0.2,0.0,-1
41.408,-21.88,142.59,-33.75,0.0,-0.2,0.0,-1
41.48,-21.89,142.59,-33.69,0.0,-0.2,0.0,-1
41.55,-21.9,142.6,-33.64,0.0,-0.3,0.0,-1
41.598,-21.9,142.6,-33.59,0.0,-0.3,0.0,-1
41.67,-21.91,142.61,-33.53,0.05,-0.3,0.0,-1
41.739,-21.91,142.62,-33.47,0.09,-0.4,0.0,-1
41.786,-21.92,142.62,-33.43,0.12,-0.4,0.0,-1
41.857,-21.92,142.62,-33.38,0.16,-0.4,0.0,-1
41.926,-21.92,142.63,-33.32,0.21,-0.5,0.0,-1
41.997,-21.93,142.63,-33.28,0.25,-0.5,0.0,-1
42.044,-21.93,142.63,-33.24,0.28,-0.5,0.0,-1
42.114,-21.93,142.64,-33.17,0.32,-0.5,0.0,-1
42.185,-21.94,142.64,-33.06,0.37,-0.6,0.0,-1
42.233,-21.94,142.65,-32.95,0.4,-0.6,0.0,-1
42.305,-21.95,142.66,-32.71,0.44,-0.6,0.0,-1
42.352,-21.97,142.68,-32.35,0.0,-0.7,0.0,-1
42.446,-21.99,142.7,-31.84,0.0,-0.7,0.0,-1
42.493,-22.0,142.73,-31.43,0.0,-0.7,0.0,-1
42.542,-22.03,142.76,-30.76,0.0,-0.7,0.0,-1
42.613,-22.05,142.79,-30.1,0.0,-0.7,0.0,-1
42.684,-22.07,142.81,-29.67,0.0,-0.7,0.0,-1
42.755,-22.09,142.84,-29.07,0.0,-0.7,0.0,-1
42.826,-22.12,142.87,-28.48,0.0,-0.7,0.0,-1
42.874,-22.14,142.89,-27.92,0.0,-0.7,0.0,-1
42.945,-22.15,142.91,-27.56,0.0,-0.7,0.0,-1
43.017,-22.17,142.93,-27.04,0.0,-0.7,0.0,-1
43.065,-22.19,142.96,-26.55,0.0,-0.7,0.0,-1
43.136,-22.21,142.97,-26.25,0.0,-0.7,0.0,-1
43.184,-22.23,142.99,-25.8,0.0,-0.7,0.0,-1
43.28,-22.24,143.01,-25.38,0.0,-0.7,0.0,-1
43.328,-22.25,143.02,-25.11,0.0,-0.7,0.0,-1
43.4,-22.27,143.04,-24.73,0.0,-0.7,0.0,-1
43.474,-22.29,143.06,-24.36,0.0,-0.7,0.0,-1
43.522,-22.3,143.07,-24.13,0.0,-0.7,0.0,-1
43.592,-22.31,143.08,-23.82,0.0,-0.7,0.0,-1
43.662,-22.32,143.09,-23.52,0.0,-0.7,0.0,-1
43.711,-22.33,143.1,-23.32,0.0,-0.7,0.0,-1
43.759,-22.34,143.11,-23.04,0.0,-0.7,0.0,-1
43.854,-22.36,143.12,-22.77,0.0,-0.7,0.0,-1
43.9,-22.36,143.13,-22.61,0.0,-0.7,0.0,-1
43.97,-22.37,143.14,-22.38,0.0,-0.7,0.0,-1
44.04,-22.38,143.15,-22.16,0.0,-0.7,0.0,-1
44.11,-22.39,143.16,-21.95,0.0,-0.7,0.0,-1
44.157,-22.4,143.17,-21.82,0.0,-0.7,0.0,-1
44.226,-22.41,143.17,-21.63,0.0,-0.7,0.0,-1
44.297,-22.41,143.18,-21.45,0.0,-0.7,0.0,-1
44.366,-22.42,143.19,-21.28,0.0,-0.7,0.0,-1
44.413,-22.43,143.19,-21.18,0.0,-0.7,0.0,-1
44.482,-22.43,143.2,-21.02,0.0,-0.7,0.0,-1
44.553,-22.44,143.2,-20.9,0.0,-0.7,0.0,-1
44.623,-22.44,143.2,-20.89,0.0,-0.7,0.0,-1
44.67,-22.44,143.2,-20.87,0.0,-0.7,0.0,-1
44.743,-22.44,143.21,-20.84,0.05,-0.7,0.0,-1
44.814,-22.44,143.21,-20.81,0.09,-0.7,0.0,-1
44.861,-22.44,143.21,-20.8,0.0,-0.7,0.0,-1
44.932,-22.45,143.21,-20.75,0.0,-0.7,0.0,-1
45.003,-22.45,143.21,-20.69,0.0,-0.7,0.0,-1
45.073,-22.45,143.21,-20.63,0.0,-0.7,0.0,-1
45.121,-22.45,143.22,-20.59,0.0,-0.7,0.0,-1
45.192,-22.46,143.22,-20.53,0.0,-0.7,0.0,-1
45.262,-22.46,143.22,-20.47,0.0,-0.7,0.0,-1
45.311,-22.46,143.22,-20.42,0.0,-0.7,0.0,-1
45.38,-22.46,143.22,-20.39,0.0,-0.7,0.0,-1
45.451,-22.46,143.23,-20.35,0.0,-0.7,0.0,-1
45.522,-22.47,143.23,-20.3,0.0,-0.7,0.0,-1
45.568,-22.47,143.23,-20.28,0.0,-0.7,0.0,-1
45.637,-22.47,143.23,-20.24,0.0,-0.7,0.0,-1
45.708,-22.47,143.23,-20.21,0.0,-0.7,0.0,-1
45.778,-22.47,143.23,-20.18,0.0,-0.7,0.0,-1
45.825,-22.47,143.23,-20.16,0.0,-0.7,0.0,-1
45.897,-22.47,143.23,-20.14,0.0,-0.7,0.0,-1
45.941,-22.47,143.23,-20.14,0.04,-0.7,0.0,-1
46.013,-22.47,143.23,-20.15,0.07,-0.7,0.0,-1
46.082,-22.47,143.23,-20.16,0.11,-0.7,0.0,-1
46.154,-22.47,143.23,-20.15,0.16,-0.7,0.0,-1
46.226,-22.47,143.23,-20.16,0.2,-0.7,0.0,-1
46.274,-22.47,143.23,-20.15,0.0,-0.7,0.0,-1
46.346,-22.48,143.24,-20.07,0.0,-0.7,0.0,-1
46.416,-22.48,143.24,-19.96,0.0,-0.7,0.0,-1
46.464,-22.49,143.24,-19.89,0.0,-0.7,0.0,-1
46.535,-22.49,143.25,-19.77,0.01,-0.7,0.0,-1
46.605,-22.5,143.25,-19.65,0.05,-0.7,0.0,-1
46.673,-22.5,143.26,-19.56,0.0,-0.7,0.0,-1
46.721,-22.5,143.26,-19.49,0.0,-0.7,0.0,-1
46.793,-22.51,143.26,-19.38,0.0,-0.7,0.0,-1
46.864,-22.51,143.27,-19.28,0.0,-0.7,0.0,-1
46.911,-22.52,143.27,-19.22,0.0,-0.7,0.0,-1
46.981,-22.52,143.27,-19.12,0.0,-0.7,0.0,-1
47.03,-22.53,143.28,-19.04,0.0,-0.7,0.0,-1
47.099,-22.53,143.28,-18.96,0.0,-0.7,0.0,-1
47.169,-22.53,143.28,-18.9,0.0,-0.7,0.0,-1
47.242,-22.53,143.28,-18.84,0.0,0.0,0.0,-1
47.312,-22.54,143.29,-18.81,0.0,0.0,0.0,-1
47.36,-22.54,143.29,-18.81,0.0,0.0,0.4,-1
47.431,-22.54,143.29,-18.81,0.0,0.0,1.0,-1
47.501,-22.54,143.29,-18.81,0.0,0.0,1.0,-1
47.55,-22.54,143.29,-18.81,0.0,0.0,1.0,-1
47.62,-22.54,143.29,-18.81,0.0,0.0,1.0,-1
47.691,-22.54,143.29,-18.81,0.0,0.0,1.0,-1
47.74,-22.54,143.29,-18.81,0.0,0.0,0.0,-1
47.809,-22.54,143.29,-18.81,0.0,0.0,0.0,-1
47.857,-22.54,143.29,-18.81,0.0,0.0,0.0,-1
47.952,-22.54,143.29,-18.81,0.0,0.0,0.0,-1
48.021,-22.54,143.29,-18.81,0.0,0.0,0.0,-1
48.067,-22.54,143.29,-18.81,0.0,0.0,0.0,-1
48.139,-22.54,143.29,-18.81,0.0,0.0,0.0,-1
48.186,-22.54,143.29,-18.81,0.0,0.0,0.0,-1
48.257,-22.54,143.29,-18.81,0.0,0.0,0.0,-1
48.305,-22.54,143.29,-18.81,0.0,0.0,0.0,-1
48.398,-22.54,143.29,-18.81,0.0,0.0,0.0,-1
48.446,-22.54,143.29,-18.81,0.0,0.0,0.0,-1
48.515,-22.54,143.29,-18.81,0.0,0.0,0.0,-1
48.585,-22.54,143.29,-18.81,0.0,0.0,0.0,-1
48.654,-22.54,143.29,-18.81,0.0,0.0,0.0,-1
48.723,-22.54,143.29,-18.81,0.0,0.0,0.0,-1
48.769,-22.54,143.29,-18.81,0.0,0.0,0.0,-1
48.84,-22.54,143.29,-18.81,0.0,0.0,0.0,1
48.91,-22.54,143.29,-18.81,0.0,0.0,0.0,1
48.979,-22.54,143.29,-18.81,0.0,0.1,0.0,1
49.027,-22.54,143.29,-18.81,0.0,0.1,0.0,1
49.1,-22.54,143.29,-18.81,0.0,0.1,0.0,1
49.148,-22.54,143.29,-18.81,0.0,0.2,0.0,1
49.218,-22.54,143.29,-18.81,0.0,0.2,0.0,1
49.265,-22.54,143.29,-18.81,0.0,0.2,0.0,1
49.359,-22.54,143.29,-18.81,0.0,0.3,0.0,1
49.406,-22.54,143.29,-18.81,0.0,0.3,0.0,1
49.474,-22.54,143.29,-18.81,0.0,0.3,0.0,1
49.547,-22.54,143.29,-18.81,0.0,0.4,0.0,1
49.615,-22.54,143.29,-18.81,0.0,0.4,0.0,1
49.665,-22.54,143.29,-18.81,0.0,0.4,0.0,1
49.737,-22.54,143.29,-18.81,0.05,0.5,0.0,1
49.807,-22.54,143.29,-18.81,0.09,0.5,0.0,1
49.854,-22.54,143.29,-18.8,0.0,0.5,0.0,1
49.923,-22.54,143.29,-18.79,0.0,0.6,0.0,1
49.994,-22.54,143.29,-18.76,0.0,0.6,0.0,1
50.064,-22.53,143.29,-18.74,0.04,0.6,0.0,1
50.112,-22.53,143.29,-18.72,0.07,0.6,0.0,1
50.181,-22.53,143.29,-18.68,0.12,0.7,0.0,1
50.25,-22.53,143.29,-18.66,0.16,0.7,0.0,1
50.321,-22.53,143.29,-18.63,0.2,0.7,0.0,1
50.369,-22.53,143.29,-18.61,0.23,0.7,0.0,1
50.44,-22.52,143.29,-18.58,0.28,0.7,0.0,1
50.509,-22.52,143.29,-18.54,0.32,0.7,0.0,1
50.579,-22.52,143.29,-18.5,0.35,0.7,0.0,1
50.625,-22.52,143.29,-18.47,0.39,0.7,0.0,1
50.695,-22.51,143.29,-18.34,0.0,0.7,0.0,1
50.764,-22.49,143.29,-18.01,0.0,0.7,0.0,1
50.832,-22.47,143.29,-17.63,0.0,0.7,0.0,1
50.881,-22.45,143.29,-17.35,0.0,0.7,0.0,1
50.951,-22.43,143.29,-16.95,0.0,0.7,0.0,1
51.02,-22.4,143.29,-16.57,0.0,0.7,0.0,1
51.089,-22.38,143.3,-16.23,0.03,0.7,0.0,1
51.136,-22.37,143.3,-16.03,0.06,0.7,0.0,1
51.206,-22.35,143.3,-15.77,0.11,0.7,0.0,1
51.276,-22.34,143.3,-15.53,0.15,0.7,0.0,1
51.343,-22.33,143.3,-15.33,0.19,0.7,0.0,1
51.39,-22.32,143.3,-15.19,0.22,0.7,0.0,1
51.46,-22.3,143.3,-15.0,0.27,0.7,0.0,1
51.507,-22.29,143.3,-14.71,0.31,0.7,0.0,1
51.601,-22.27,143.31,-14.47,0.34,0.7,0.0,1
51.649,-22.26,143.31,-14.27,0.0,0.7,0.0,1
51.721,-22.23,143.31,-13.82,0.0,0.7,0.0,1
51.791,-22.2,143.31,-13.33,0.0,0.7,0.0,1
51.837,-22.17,143.32,-12.84,0.0,0.7,0.0,1
51.908,-22.15,143.32,-12.5,0.0,0.7,0.0,1
51.955,-22.12,143.33,-12.03,0.0,0.7,0.0,1
52.048,-22.1,143.33,-11.58,0.0,0.7,0.0,1
52.095,-22.08,143.33,-11.29,0.0,0.7,0.0,1
52.163,-22.06,143.34,-10.9,0.0,0.7,0.0,1
52.234,-22.03,143.34,-10.5,0.0,0.7,0.0,1
52.306,-22.01,143.35,-10.13,0.0,0.7,0.0,1
52.353,-22.0,143.35,-9.9,0.0,0.7,0.0,1
52.425,-21.98,143.35,-9.56,0.0,0.7,0.0,1
52.472,-21.96,143.36,-9.25,0.0,0.7,0.0,1
52.542,-21.95,143.36,-9.06,0.0,0.7,0.0,1
52.611,-21.93,143.36,-8.78,0.0,0.7,0.0,1
52.681,-21.91,143.37,-8.52,0.0,0.7,0.0,1
52.751,-21.9,143.37,-8.28,0.01,0.7,0.0,1
52.82,-21.89,143.37,-8.05,0.04,0.7,0.0,1
52.867,-21.88,143.38,-7.92,0.09,0.7,0.0,1
52.913,-21.87,143.38,-7.76,0.13,0.7,0.0,1
53.005,-21.86,143.38,-7.62,0.17,0.7,0.0,1
53.051,-21.85,143.38,-7.49,0.2,0.7,0.0,1
53.12,-21.85,143.39,-7.35,0.0,0.7,0.0,1
53.19,-21.83,143.39,-7.11,0.0,0.7,0.0,1
53.237,-21.82,143.39,-6.86,0.01,0.7,0.0,1
53.308,-21.81,143.39,-6.7,0.04,0.7,0.0,1
53.38,-21.8,143.4,-6.49,0.09,0.7,0.0,1
53.448,-21.79,143.4,-6.3,0.0,0.7,0.0,1
53.493,-21.77,143.4,-6.09,0.0,0.7,0.0,1
53.563,-21.76,143.41,-5.89,0.03,0.7,0.0,1
53.632,-21.76,143.41,-5.77,0.07,0.7,0.0,1
53.705,-21.75,143.41,-5.6,0.0,0.7,0.0,1
53.775,-21.74,143.42,-5.41,0.0,0.7,0.0,1
53.822,-21.73,143.42,-5.28,0.0,0.7,0.0,1
53.892,-21.72,143.42,-5.09,0.0,0.7,0.0,1
53.963,-21.71,143.42,-4.9,0.0,0.7,0.0,1
54.032,-21.7,143.43,-4.71,0.0,0.7,0.0,1
54.078,-21.69,143.43,-4.6,0.0,0.7,0.0,1
54.148,-21.68,143.43,-4.48,0.05,0.7,0.0,1
54.194,-21.67,143.43,-4.37,0.09,0.7,0.0,1
54.264,-21.67,143.44,-4.3,0.0,0.7,0.0,1
54.342,-21.66,143.44,-4.15,0.0,0.7,0.0,1
54.41,-21.65,143.44,-4.01,0.01,0.7,0.0,1
54.479,-21.65,143.44,-3.89,0.05,0.7,0.0,1
54.526,-21.64,143.44,-3.81,0.08,0.7,0.0,1
54.593,-21.64,143.45,-3.68,0.0,0.7,0.0,1
54.664,-21.63,143.45,-3.55,0.0,0.7,0.0,1
54.732,-21.62,143.45,-3.44,0.04,0.7,0.0,1
54.8,-21.62,143.45,-3.35,0.08,0.7,0.0,1
54.846,-21.61,143.45,-3.29,0.0,0.7,0.0,1
54.914,-21.61,143.46,-3.17,0.0,0.7,0.0,1
54.983,-21.6,143.46,-3.08,0.03,0.7,0.0,1
55.053,-21.6,143.46,-2.97,0.07,0.7,0.0,1
55.122,-21.59,143.46,-2.89,0.0,0.7,0.0,1
55.166,-21.59,143.46,-2.82,0.0,0.7,0.0,1
55.236,-21.58,143.46,-2.72,0.04,0.7,0.0,1
55.307,-21.58,143.47,-2.65,0.08,0.7,0.0,1
55.378,-21.58,143.47,-2.55,0.0,0.7,0.0,1
55.424,-21.57,143.47,-2.48,0.01,0.7,0.0,1
55.492,-21.57,143.47,-2.39,0.06,0.7,0.0,1
55.562,-21.56,143.47,-2.3,0.0,0.7,0.0,1
55.632,-21.56,143.47,-2.2,0.0,0.7,0.0,1
55.679,-21.55,143.47,-2.15,0.03,0.7,0.0,1
55.75,-21.55,143.48,-2.07,0.08,0.7,0.0,1
55.823,-21.55,143.48,-2.0,0.0,0.7,0.0,1
55.87,-21.54,143.48,-1.93,0.0,0.7,0.0,1
55.942,-21.54,143.48,-1.83,0.04,0.7,0.0,1
56.014,-21.53,143.48,-1.76,0.08,0.7,0.0,1
56.083,-21.53,143.48,-1.68,0.0,0.7,0.0,1
56.131,-21.52,143.49,-1.61,0.0,0.7,0.0,1
56.199,-21.52,143.49,-1.53,0.05,0.7,0.0,1
56.266,-21.52,143.49,-1.45,0.09,0.7,0.0,1
56.336,-21.51,143.49,-1.37,0.0,0.7,0.0,1
56.382,-21.51,143.49,-1.31,0.0,0.7,0.0,1
56.45,-21.5,143.49,-1.23,0.04,0.7,0.0,1
56.521,-21.5,143.49,-1.19,0.09,0.7,0.0,1
56.565,-21.5,143.5,-1.11,0.0,0.7,0.0,1
56.657,-21.49,143.5,-1.03,0.01,0.7,0.0,1
56.702,-21.49,143.5,-0.97,0.04,0.7,0.0,1
56.77,-21.48,143.5,-0.9,0.0,0.7,0.0,1
56.84,-21.48,143.5,-0.81,0.0,0.7,0.0,1
56.886,-21.47,143.5,-0.72,0.04,0.7,0.0,1
56.954,-21.47,143.51,-0.65,0.0,0.7,0.0,1
57.023,-21.47,143.51,-0.59,0.0,0.7,0.0,1
57.091,-21.46,143.51,-0.5,0.02,0.7,0.0,1
57.158,-21.46,143.51,-0.43,0.07,0.7,0.0,1
57.228,-21.45,143.51,-0.35,0.0,0.7,0.0,1
57.297,-21.45,143.51,-0.28,0.03,0.7,0.0,1
57.344,-21.45,143.51,-0.24,0.06,0.7,0.0,1
57.413,-21.44,143.51,-0.18,0.0,0.7,0.0,1
57.481,-21.44,143.52,-0.1,0.01,0.7,0.0,1
57.527,-21.44,143.52,-0.03,0.05,0.7,0.0,1
57.596,-21.43,143.52,0.04,0.0,0.7,0.0,1
57.664,-21.43,143.52,0.09,0.0,0.7,0.0,1
57.733,-21.42,143.52,0.16,0.04,0.7,0.0,1
57.802,-21.42,143.52,0.22,0.0,0.7,0.0,1
57.87,-21.42,143.52,0.3,0.0,0.7,0.0,1
57.937,-21.41,143.53,0.37,0.0,0.7,0.0,1
57.983,-21.41,143.53,0.42,0.04,0.7,0.0,1
58.052,-21.41,143.53,0.49,0.0,0.7,0.0,1
58.097,-21.4,143.53,0.55,0.0,0.7,0.0,1
58.188,-21.4,143.53,0.63,0.03,0.7,0.0,1
58.257,-21.39,143.53,0.7,0.07,0.7,0.0,1
58.324,-21.39,143.54,0.77,0.0,0.7,0.0,1
58.37,-21.39,143.54,0.82,0.0,0.7,0.0,1
58.441,-21.38,143.54,0.89,0.0,0.7,0.0,1
58.486,-21.38,143.54,0.97,0.0,0.7,0.0,1
58.555,-21.38,143.54,1.02,0.0,0.0,0.0,1
58.623,-21.37,143.54,1.05,0.0,0.0,0.0,1
58.692,-21.37,143.54,1.05,0.0,0.0,0.0,1
58.737,-21.37,143.54,1.05,0.0,0.0,0.0,1
58.806,-21.36,143.54,1.05,0.0,0.0,0.0,1
58.897,-21.36,143.54,1.05,0.0,0.0,0.0,1
58.945,-21.36,143.54,1.05,0.0,0.0,0.0,1
59.014,-21.35,143.54,1.05,0.0,0.0,0.0,1
59.084,-21.35,143.54,1.05,0.0,-0.1,0.0,1
59.154,-21.35,143.54,1.04,0.0,-0.1,0.0,1
59.199,-21.35,143.54,1.04,0.0,-0.1,0.0,1
59.27,-21.34,143.54,1.03,0.0,-0.2,0.0,1
59.34,-21.34,143.54,1.03,0.0,-0.2,0.0,1
59.386,-21.34,143.54,1.03,0.0,-0.2,0.0,1
59.456,-21.34,143.54,1.03,0.0,0.0,0.0,1
59.524,-21.34,143.54,1.03,0.0,0.0,0.0,1
59.593,-21.34,143.54,1.03,0.0,0.0,0.0,1
59.661,-21.34,143.54,1.03,0.0,0.0,0.0,1
59.73,-21.34,143.54,1.03,0.0,0.0,0.0,1
59.775,-21.34,143.54,1.03,0.0,0.0,0.0,1
59.844,-21.34,143.54,1.03,0.0,0.0,0.0,1
59.913,-21.34,143.54,1.03,0.0,0.0,0.0,1
59.984,-21.34,143.54,1.03,0.0,0.0,0.0,1
60.031,-21.34,143.54,1.03,0.0,0.0,0.0,1
60.099,-21.34,143.54,1.03,0.0,0.0,0.0,1
60.167,-21.34,143.54,1.03,0.0,0.0,0.0,1
60.213,-21.34,143.54,1.03,0.0,0.0,0.0,-1
60.306,-21.34,143.54,1.03,0.0,0.0,0.0,-1
60.351,-21.34,143.54,1.03,0.0,0.0,0.0,-1
60.418,-21.34,143.54,1.03,0.0,0.0,0.0,-1
60.486,-21.34,143.54,1.03,0.0,0.0,0.0,-1
60.557,-21.34,143.54,1.03,0.0,0.0,0.0,-1
60.604,-21.34,143.54,1.03,0.0,0.0,0.0,-1
60.674,-21.34,143.54,1.03,0.0,0.0,0.0,-1
60.742,-21.34,143.54,1.03,0.03,0.0,0.0,-1
60.81,-21.35,143.54,1.03,0.07,0.0,0.0,-1
60.878,-21.35,143.54,1.03,0.11,0.0,0.0,-1
60.926,-21.35,143.54,1.03,0.14,0.0,0.0,-1
60.995,-21.35,143.54,1.02,0.18,0.0,0.0,-1
61.063,-21.35,143.54,1.02,0.23,0.0,0.0,-1
61.132,-21.35,143.54,1.02,0.0,0.0,0.0,-1
61.202,-21.35,143.54,1.02,0.0,0.0,0.0,-1
61.249,-21.36,143.54,1.02,0.0,0.0,0.0,-1
61.317,-21.37,143.54,1.02,0.0,0.0,0.0,-1
61.363,-21.38,143.54,1.02,0.0,0.0,0.0,-1
61.453,-21.39,143.54,1.02,0.0,0.0,0.0,-1
61.523,-21.4,143.54,1.02,0.0,0.0,0.0,-1
61.57,-21.41,143.54,1.02,0.04,0.0,0.0,-1
61.637,-21.42,143.54,1.02,0.0,0.0,0.0,-1
61.683,-21.43,143.54,1.02,0.0,0.0,0.0,-1
61.776,-21.44,143.54,1.02,0.01,0.0,0.0,-1
61.845,-21.44,143.54,1.02,0.04,0.0,0.0,-1
61.89,-21.45,143.54,1.02,0.0,0.0,0.0,-1
61.961,-21.46,143.54,1.02,0.0,0.0,0.0,-1
62.007,-21.46,143.54,1.02,0.03,0.0,0.0,-1
62.098,-21.47,143.54,1.02,0.0,0.0,0.0,-1
62.144,-21.48,143.54,1.02,0.0,0.0,0.0,-1
62.212,-21.48,143.54,1.02,0.02,0.0,0.0,-1
62.282,-21.49,143.54,1.02,0.07,0.0,0.0,-1
62.353,-21.49,143.54,1.02,0.11,0.0,0.0,-1
62.4,-21.5,143.54,1.02,0.14,0.0,0.0,-1
62.47,-21.5,143.54,1.02,0.19,0.0,0.0,-1
62.541,-21.5,143.54,1.02,0.23,0.0,0.0,-1
62.587,-21.51,143.54,1.02,0.26,0.0,0.0,-1
62.657,-21.51,143.54,1.02,0.0,0.0,0.0,-1
62.726,-21.52,143.53,1.02,0.0,0.0,0.0,-1
62.796,-21.54,143.53,1.02,0.0,0.0,0.0,-1
62.863,-21.55,143.53,1.02,0.0,0.0,0.0,-1
62.908,-21.56,143.53,1.02,0.0,0.0,0.0,-1
62.977,-21.58,143.53,1.02,0.0,0.0,0.0,-1
63.046,-21.59,143.53,1.02,0.0,0.0,0.0,-1
63.117,-21.61,143.53,1.02,0.0,0.0,0.0,-1
63.186,-21.62,143.53,1.02,0.0,0.0,0.0,-1
63.233,-21.63,143.53,1.02,0.0,0.0,0.0,-1
63.301,-21.64,143.53,1.02,0.0,0.0,0.0,-1
63.371,-21.66,143.53,1.02,0.02,0.0,0.0,-1
63.44,-21.67,143.53,1.02,0.06,0.0,0.0,-1
63.487,-21.68,143.53,1.02,0.09,0.0,0.0,-1
63.556,-21.68,143.53,1.02,0.14,0.0,0.0,-1
63.626,-21.69,143.53,1.01,0.18,0.0,0.0,-1
63.695,-21.69,143.53,1.01,0.22,0.0,0.0,-1
63.765,-21.7,143.53,1.01,0.25,0.0,0.0,-1
63.81,-21.7,143.53,1.01,0.29,0.0,0.0,-1
63.88,-21.71,143.53,1.01,0.34,0.0,0.0,-1
63.948,-21.72,143.53,1.02,0.38,0.0,0.0,-1
64.017,-21.74,143.53,1.03,0.0,0.0,0.0,-1
64.064,-21.75,143.53,1.02,0.0,0.0,0.0,-1
64.135,-21.78,143.53,1.02,0.0,0.0,0.0,-1
64.203,-21.82,143.53,1.02,0.0,0.0,0.0,-1
64.27,-21.85,143.53,1.02,0.03,0.0,0.0,-1
64.339,-21.88,143.53,1.01,0.06,0.0,0.0,-1
64.384,-21.89,143.53,1.01,0.1,0.0,0.0,-1
64.454,-21.92,143.52,1.0,0.0,0.0,0.0,-1
64.501,-21.95,143.52,1.0,0.0,0.0,0.0,-1
64.57,-21.98,143.52,1.0,0.0,0.0,0.0,-1
64.639,-21.99,143.52,1.0,0.0,0.0,0.0,-1
64.707,-22.02,143.52,1.0,0.0,0.0,0.0,-1
64.776,-22.04,143.52,1.0,0.0,0.0,0.0,-1
64.845,-22.07,143.52,1.0,0.0,0.0,0.0,-1
64.913,-22.09,143.52,1.0,0.0,0.0,0.0,-1
64.959,-22.1,143.52,1.0,0.0,0.0,0.0,-1
65.028,-22.12,143.52,1.0,0.0,0.0,0.0,-1
65.098,-22.14,143.52,1.0,0.0,0.0,0.0,-1
65.168,-22.16,143.52,1.0,0.0,0.0,0.0,-1
65.214,-22.17,143.52,1.0,0.0,0.0,0.0,-1
65.281,-22.19,143.52,1.0,0.0,0.0,0.0,-1
65.35,-22.21,143.52,1.0,0.0,0.0,0.0,-1
65.395,-22.22,143.52,1.0,0.0,0.0,0.0,-1
65.489,-22.24,143.52,1.0,0.0,0.0,0.0,-1
65.536,-22.25,143.52,1.0,0.0,0.0,0.0,-1
65.604,-22.26,143.52,1.0,0.0,0.0,0.0,-1
65.674,-22.27,143.52,1.0,0.0,0.0,0.0,-1
65.743,-22.28,143.52,1.0,0.0,0.0,0.0,-1
65.79,-22.3,143.52,1.0,0.0,0.0,0.0,-1
65.859,-22.3,143.52,1.0,0.0,0.0,0.0,-1
65.928,-22.31,143.52,1.0,0.0,0.0,0.4,-1
65.974,-22.31,143.52,1.0,0.0,0.0,1.0,-1
66.067,-22.31,143.52,1.0,0.0,0.0,1.0,-1
66.112,-22.31,143.52,1.0,0.0,0.0,1.0,-1
66.182,-22.31,143.52,1.0,0.0,0.0,1.0,-1
66.252,-22.31,143.52,1.0,0.0,0.0,1.0,-1
66.323,-22.31,143.52,1.0,0.0,0.0,1.0,-1
66.37,-22.31,143.52,1.0,0.0,0.0,0.0,-1
66.441,-22.31,143.52,1.0,0.0,0.0,0.0,-1
66.511,-22.31,143.52,1.0,0.0,0.0,0.0,-1
66.577,-22.31,143.52,1.0,0.0,0.0,0.0,-1
66.623,-22.31,143.52,1.0,0.0,0.0,0.0,-1
66.69,-22.31,143.52,1.0,0.0,0.0,0.0,-1
66.757,-22.31,143.52,1.0,0.0,0.0,0.0,-1
66.825,-22.31,143.52,1.0,0.0,0.0,0.0,-1
66.894,-22.31,143.52,1.0,0.0,0.0,0.0,-1
66.964,-22.31,143.52,1.0,0.0,0.0,0.0,-1
67.01,-22.31,143.52,1.0,0.0,0.0,0.0,-1
67.078,-22.31,143.52,1.0,0.0,0.0,0.0,-1
67.146,-22.31,143.52,1.0,0.0,0.0,0.0,-1
67.191,-22.31,143.52,1.0,0.0,0.0,0.0,-1
67.281,-22.31,143.52,1.0,0.0,0.0,0.0,-1
67.329,-22.31,143.52,1.0,0.0,0.0,0.0,-1
67.399,-22.31,143.52,1.0,0.0,0.0,0.0,-1
67.443,-22.31,143.52,1.0,0.0,0.0,0.0,-1
67.51,-22.31,143.52,1.0,0.0,0.0,0.0,-1
67.603,-22.31,143.52,1.0,0.0,0.0,0.0,-1
67.65,-22.31,143.52,1.0,0.0,0.0,0.0,-1
67.719,-22.31,143.52,1.0,0.0,0.0,0.0,-1
67.787,-22.31,143.52,1.0,0.0,0.0,0.0,-1
67.83,-22.31,143.52,1.0,0.0,0.0,0.0,-1
67.922,-22.31,143.52,1.0,0.0,0.0,0.0,-1
67.967,-22.31,143.52,1.0,0.0,0.0,0.0,-1
68.036,-22.31,143.52,1.0,0.0,0.0,0.0,-1
68.081,-22.31,143.52,1.0,0.0,0.0,0.0,-1
68.174,-22.31,143.52,1.0,0.0,0.0,0.0,-1
