Time, x, y, angle, throttle, steer, brake, gear 
0.0,-25.0,139.0,0.0,0.0,0.0,0.0,1
0.047,-25.0,139.0,0.0,0.0,0.0,0.0,1
0.14,-25.0,139.0,0.0,0.0,0.0,0.0,1
0.187,-25.0,139.0,0.0,0.0,0.0,0.0,1
0.259,-25.0,139.0,0.0,0.0,0.0,0.0,1
0.332,-25.0,139.0,0.0,0.0,0.0,0.0,1
0.401,-25.0,139.0,0.0,0.0,0.0,0.0,1
0.446,-25.0,139.0,0.0,0.0,0.0,0.0,1
0.515,-25.0,139.0,0.0,0.0,0.0,0.0,1
0.58,-25.0,139.0,0.0,0.0,0.0,0.0,1
0.649,-25.0,139.0,0.0,0.0,0.0,0.0,1
0.716,-25.0,139.0,0.0,0.0,0.0,0.0,1
0.766,-25.0,139.0,-0.0,0.0,0.0,0.0,1
0.834,-25.0,139.0,-0.0,0.0,0.0,0.0,1
0.9,-25.0,139.0,-0.0,0.0,0.0,0.0,1
0.968,-25.0,139.0,-0.0,0.0,0.0,0.0,1
1.015,-25.0,139.0,-0.0,0.0,0.0,0.0,1
1.082,-25.0,139.0,-0.0,0.0,0.0,0.0,1
1.156,-25.0,139.0,-0.0,0.0,0.0,0.0,1
1.223,-25.0,139.0,-0.0,0.0,0.1,0.0,1
1.296,-25.0,139.0,-0.0,0.0,0.1,0.0,1
1.342,-25.0,139.0,-0.0,0.0,0.1,0.0,1
1.411,-25.0,139.0,-0.0,0.0,0.2,0.0,1
1.457,-25.0,139.0,-0.0,0.0,0.2,0.0,1
1.547,-25.0,139.0,-0.0,0.02,0.2,0.0,1
1.594,-25.0,139.0,-0.0,0.05,0.2,0.0,1
1.663,-25.0,139.0,-0.0,0.09,0.3,0.0,1
1.732,-25.0,139.0,-0.0,0.14,0.3,0.0,1
1.806,-25.0,139.0,-0.0,0.18,0.3,0.0,1
1.853,-25.0,139.0,-0.0,0.21,0.4,0.0,1
1.924,-25.0,139.0,-0.0,0.26,0.4,0.0,1
1.993,-25.0,139.0,-0.0,0.3,0.4,0.0,1
2.063,-25.0,139.0,-0.0,0.34,0.5,0.0,1
2.13,-25.0,139.0,-0.0,0.37,0.5,0.0,1
2.176,-25.0,139.0,-0.0,0.41,0.5,0.0,1
2.223,-25.0,139.0,-0.0,0.46,0.6,0.0,1
2.321,-25.0,139.0,-0.0,0.49,0.6,0.0,1
2.364,-25.0,139.0,-0.0,0.53,0.6,0.0,1
2.432,-25.0,139.0,-0.0,0.57,0.7,0.0,1
2.499,-25.0,139.0,-0.0,0.62,0.7,0.0,1
2.568,-25.0,139.0,-0.0,0.66,0.7,0.0,1
2.638,-25.0,139.0,-0.0,0.7,0.7,0.0,1
2.705,-24.98,139.01,0.36,0.73,0.7,0.0,1
2.755,-24.94,139.02,1.05,0.0,0.7,0.0,1
2.821,-24.88,139.05,2.2,0.0,0.7,0.0,1
2.891,-24.8,139.08,3.57,0.0,0.7,0.0,1
2.959,-24.72,139.12,4.94,0.0,0.7,0.0,1
3.005,-24.67,139.15,5.83,0.0,0.7,0.0,1
3.079,-24.59,139.19,7.23,0.0,0.7,0.0,1
3.125,-24.52,139.22,8.47,0.0,0.7,0.0,1
3.216,-24.46,139.26,9.63,0.0,0.7,0.0,1
3.264,-24.42,139.28,10.39,0.0,0.7,0.0,1
3.331,-24.36,139.31,11.21,0.0,0.0,0.0,1
3.398,-24.3,139.33,11.51,0.0,0.0,0.0,1
3.465,-24.24,139.35,11.52,0.0,0.0,0.0,1
3.532,-24.19,139.36,11.52,0.0,0.0,0.0,1
3.599,-24.14,139.37,11.56,0.0,0.1,0.0,1
3.664,-24.09,139.38,11.67,0.01,0.1,0.0,1
3.708,-24.06,139.39,11.74,0.04,0.1,0.0,1
3.795,-24.01,139.4,11.9,0.0,0.2,0.0,1
3.841,-23.98,139.41,12.03,0.0,0.2,0.0,1
3.908,-23.94,139.42,12.22,0.0,0.2,0.0,1
3.975,-23.9,139.44,12.41,0.0,0.3,0.0,1
4.043,-23.87,139.45,12.65,0.0,0.3,0.0,1
4.111,-23.84,139.46,12.88,0.0,0.3,0.0,1
4.178,-23.81,139.47,13.11,0.0,0.3,0.0,1
4.223,-23.79,139.48,13.29,0.0,0.4,0.0,1
4.291,-23.76,139.49,13.55,0.0,0.4,0.0,1
4.336,-23.74,139.51,13.81,0.0,0.4,0.0,1
4.427,-23.72,139.52,14.08,0.0,0.5,0.0,1
4.494,-23.7,139.53,14.35,0.0,0.5,0.0,1
4.54,-23.68,139.54,14.6,0.0,0.5,0.0,1
4.607,-23.67,139.55,14.77,0.04,0.6,0.0,1
4.676,-23.65,139.56,15.0,0.09,0.0,0.0,1
4.743,-23.64,139.56,15.13,0.13,0.0,0.0,1
4.788,-23.63,139.57,15.15,0.17,0.0,0.0,1
4.876,-23.62,139.57,15.15,0.21,0.0,0.0,1
4.943,-23.61,139.57,15.15,0.25,0.0,0.0,1
4.988,-23.6,139.58,15.15,0.28,0.0,0.0,1
5.054,-23.59,139.58,15.15,0.32,0.0,0.0,1
5.122,-23.57,139.58,15.15,0.36,0.0,0.0,1
5.188,-23.56,139.59,15.13,0.41,0.0,0.0,1
5.257,-23.53,139.59,15.12,0.45,0.0,0.0,1
5.324,-23.5,139.6,15.1,0.49,0.0,0.0,1
5.39,-23.47,139.61,15.11,0.53,0.0,0.0,1
5.435,-23.42,139.62,15.1,0.56,0.0,0.0,1
5.502,-23.39,139.63,15.1,0.6,0.0,0.0,1
5.572,-23.33,139.65,15.12,0.65,0.0,0.0,1
5.639,-23.26,139.67,15.1,0.69,0.0,0.0,1
5.706,-23.18,139.69,15.07,0.73,0.0,0.0,1
5.774,-23.09,139.71,15.03,0.77,0.0,0.0,1
5.842,-22.99,139.74,15.01,0.8,0.0,0.0,1
5.888,-22.91,139.76,14.99,0.0,0.0,0.0,1
5.955,-22.78,139.8,14.97,0.0,0.0,0.0,1
6.023,-22.64,139.83,14.97,0.0,0.0,0.0,1
6.068,-22.51,139.87,14.97,0.0,0.0,0.0,1
6.16,-22.38,139.9,14.97,0.0,0.0,0.0,1
6.205,-22.3,139.92,14.97,0.0,0.0,0.0,1
6.273,-22.18,139.96,14.97,0.0,0.0,0.0,1
6.342,-22.06,139.99,14.97,0.0,0.0,0.0,1
6.411,-21.96,140.02,14.97,0.0,0.0,0.0,1
6.455,-21.86,140.04,14.97,0.0,0.0,0.0,1
6.524,-21.79,140.06,14.95,0.0,-0.1,0.0,1
6.593,-21.7,140.08,14.75,0.0,-0.1,0.0,1
6.664,-21.61,140.1,14.54,0.0,-0.1,0.0,1
6.731,-21.53,140.11,14.29,0.0,-0.2,0.0,1
6.799,-21.46,140.12,13.94,0.0,-0.2,0.0,1
6.846,-21.41,140.13,13.71,0.0,-0.2,0.0,1
6.915,-21.34,140.14,13.37,0.0,-0.3,0.0,1
6.98,-21.27,140.14,12.95,0.0,-0.3,0.0,1
7.024,-21.21,140.15,12.54,0.0,-0.3,0.0,1
7.114,-21.15,140.15,12.13,0.0,-0.4,0.0,1
7.183,-21.1,140.15,11.65,0.0,-0.4,0.0,1
7.25,-21.05,140.15,11.19,0.0,-0.4,0.0,1
7.297,-21.01,140.15,10.9,0.0,0.0,0.0,1
7.367,-20.97,140.16,10.76,0.01,0.0,0.0,1
7.433,-20.93,140.17,10.76,0.05,0.0,0.0,1
7.502,-20.89,140.17,10.75,0.09,0.0,0.0,1
7.546,-20.86,140.18,10.76,0.12,0.0,0.0,1
7.614,-20.84,140.18,10.76,0.16,0.0,0.0,1
7.681,-20.81,140.19,10.77,0.2,0.0,0.0,1
7.748,-20.79,140.19,10.77,0.25,0.0,0.0,1
7.817,-20.76,140.2,10.77,0.29,0.0,0.0,1
7.884,-20.73,140.2,10.76,0.33,0.0,0.0,1
7.95,-20.7,140.21,10.75,0.37,0.0,0.0,1
8.018,-20.67,140.21,10.75,0.4,0.0,0.0,1
8.083,-20.64,140.22,10.75,0.44,0.0,0.0,1
8.127,-20.61,140.23,10.75,0.48,0.0,0.0,1
8.195,-20.56,140.23,10.76,0.53,0.0,0.0,1
8.264,-20.51,140.25,10.75,0.57,0.0,0.0,1
8.308,-20.45,140.26,10.75,0.61,0.0,0.0,1
8.399,-20.37,140.27,10.75,0.65,0.0,0.0,1
8.465,-20.29,140.29,10.75,0.68,0.0,0.0,1
8.509,-20.24,140.3,10.75,0.72,0.0,0.0,1
8.578,-20.14,140.32,10.75,0.0,0.0,0.0,1
8.624,-20.02,140.34,10.75,0.0,0.0,0.0,1
8.714,-19.91,140.36,10.75,0.0,0.0,0.0,1
8.759,-19.79,140.38,10.73,0.0,-0.1,0.0,1
8.826,-19.71,140.39,10.58,0.0,-0.1,0.0,1
8.895,-19.6,140.41,10.32,0.0,-0.1,0.0,1
8.963,-19.49,140.42,10.05,0.0,-0.2,0.0,1
9.032,-19.39,140.43,9.61,0.0,-0.2,0.0,1
9.099,-19.3,140.44,9.18,0.0,-0.2,0.0,1
9.169,-19.2,140.44,8.76,0.0,-0.2,0.0,1
9.214,-19.15,140.44,8.44,0.0,-0.3,0.0,1
9.283,-19.07,140.44,7.89,0.0,-0.3,0.0,1
9.352,-18.99,140.44,7.37,0.0,-0.3,0.0,1
9.42,-18.92,140.44,6.79,0.0,-0.4,0.0,1
9.489,-18.85,140.43,6.18,0.0,-0.4,0.0,1
9.534,-18.81,140.43,5.9,0.0,0.0,0.0,1
9.603,-18.75,140.43,5.81,0.03,0.0,0.0,1
9.673,-18.69,140.44,5.8,0.07,0.0,0.0,1
9.741,-18.64,140.44,5.81,0.11,0.0,0.0,1
9.786,-18.6,140.45,5.8,0.14,0.0,0.0,1
9.853,-18.58,140.45,5.8,0.18,0.0,0.0,1
9.921,-18.54,140.45,5.8,0.22,0.0,0.0,1
9.988,-18.5,140.46,5.8,0.27,0.0,0.0,1
10.056,-18.46,140.46,5.8,0.31,0.0,0.0,1
10.122,-18.43,140.46,5.8,0.35,0.0,0.0,1
10.189,-18.39,140.47,5.8,0.39,0.0,0.0,1
10.255,-18.34,140.47,5.8,0.43,0.0,0.0,1
10.319,-18.3,140.48,5.82,0.47,0.0,0.0,1
10.387,-18.23,140.48,5.82,0.5,0.0,0.0,1
10.431,-18.19,140.49,5.82,0.54,0.0,0.0,1
10.499,-18.11,140.49,5.82,0.59,0.0,0.0,1
10.568,-18.03,140.5,5.82,0.63,0.0,0.0,1
10.635,-17.93,140.51,5.82,0.67,0.0,0.0,1
10.704,-17.82,140.52,5.82,0.7,0.0,0.0,1
10.75,-17.74,140.53,5.82,0.74,0.0,0.0,1
10.82,-17.61,140.55,5.84,0.0,0.0,0.0,1
10.886,-17.49,140.56,5.84,0.0,0.0,0.0,1
10.953,-17.36,140.57,5.84,0.0,0.0,0.0,1
11.019,-17.23,140.58,5.82,0.0,-0.1,0.0,1
11.066,-17.11,140.59,5.57,0.0,-0.1,0.0,1
11.136,-17.03,140.59,5.39,0.0,-0.1,0.0,1
11.206,-16.92,140.6,5.11,0.0,-0.2,0.0,1
11.275,-16.82,140.6,4.67,0.0,-0.2,0.0,1
11.342,-16.72,140.6,4.23,0.0,-0.2,0.0,1
11.388,-16.63,140.59,3.81,0.0,-0.2,0.0,1
11.456,-16.58,140.59,3.44,0.0,-0.3,0.0,1
11.524,-16.49,140.58,2.89,0.0,-0.3,0.0,1
11.592,-16.42,140.57,2.37,0.0,-0.3,0.0,1
11.659,-16.35,140.56,1.79,0.0,-0.4,0.0,1
11.727,-16.28,140.55,1.18,0.0,-0.4,0.0,1
11.773,-16.22,140.54,0.6,0.0,-0.4,0.0,1
11.842,-16.18,140.53,0.19,0.0,-0.5,0.0,1
11.912,-16.12,140.51,-0.47,0.0,-0.5,0.0,1
11.982,-16.07,140.5,-1.09,0.0,-0.5,0.0,1
12.029,-16.03,140.49,-1.4,0.0,0.0,0.0,1
12.099,-15.98,140.49,-1.53,0.0,0.0,0.0,1
12.169,-15.93,140.49,-1.53,0.0,0.0,0.0,1
12.239,-15.89,140.49,-1.53,0.0,0.0,0.0,1
12.284,-15.86,140.48,-1.53,0.0,0.0,0.0,1
12.355,-15.82,140.48,-1.53,0.0,0.0,0.0,1
12.424,-15.78,140.48,-1.53,0.0,0.0,0.0,1
12.492,-15.75,140.48,-1.53,0.0,0.0,0.0,1
12.539,-15.72,140.48,-1.53,0.0,0.0,0.0,1
12.608,-15.71,140.48,-1.53,0.0,0.0,0.4,1
12.678,-15.71,140.48,-1.53,0.0,0.0,1.0,1
12.725,-15.71,140.48,-1.53,0.0,0.0,1.0,1
12.816,-15.71,140.48,-1.53,0.0,0.0,1.0,1
12.862,-15.71,140.48,-1.53,0.0,0.0,0.0,1
12.93,-15.71,140.48,-1.53,0.0,0.0,0.0,1
12.999,-15.71,140.48,-1.53,0.0,0.0,0.0,1
13.065,-15.7,140.48,-1.53,0.0,0.0,0.0,1
13.134,-15.7,140.48,-1.53,0.0,0.0,0.0,1
13.203,-15.7,140.48,-1.53,0.0,0.0,0.0,1
13.247,-15.7,140.48,-1.53,0.0,0.0,0.0,1
13.316,-15.7,140.48,-1.53,0.0,0.0,0.0,1
13.361,-15.7,140.48,-1.53,0.0,0.0,0.0,1
13.454,-15.7,140.48,-1.53,0.0,0.0,0.0,1
13.498,-15.7,140.48,-1.53,0.0,0.0,0.0,1
13.565,-15.7,140.48,-1.53,0.0,0.0,0.0,1
13.631,-15.7,140.48,-1.53,0.0,0.0,0.0,1
13.7,-15.7,140.48,-1.53,0.0,0.0,0.0,1
13.768,-15.7,140.48,-1.53,0.0,0.0,0.0,1
13.834,-15.7,140.48,-1.53,0.0,0.0,0.0,1
13.903,-15.7,140.48,-1.53,0.0,0.0,0.0,1
13.949,-15.7,140.48,-1.53,0.0,0.0,0.0,-1
14.018,-15.7,140.48,-1.53,0.0,0.0,0.0,-1
14.087,-15.7,140.48,-1.53,0.0,0.0,0.0,-1
14.154,-15.7,140.48,-1.53,0.0,0.0,0.0,-1
14.221,-15.7,140.48,-1.53,0.0,0.1,0.0,-1
14.267,-15.7,140.48,-1.53,0.0,0.1,0.0,-1
14.333,-15.7,140.48,-1.53,0.0,0.1,0.0,-1
14.402,-15.7,140.48,-1.53,0.0,0.2,0.0,-1
14.472,-15.7,140.48,-1.53,0.0,0.2,0.0,-1
14.54,-15.7,140.48,-1.53,0.0,0.2,0.0,-1
14.608,-15.7,140.48,-1.53,0.0,0.2,0.0,-1
14.654,-15.7,140.48,-1.53,0.0,0.3,0.0,-1
14.722,-15.7,140.48,-1.53,0.0,0.3,0.0,-1
14.793,-15.7,140.48,-1.53,0.0,0.4,0.0,-1
14.861,-15.7,140.48,-1.53,0.0,0.4,0.0,-1
14.908,-15.7,140.48,-1.53,0.0,0.4,0.0,-1
14.978,-15.7,140.48,-1.53,0.0,0.4,0.0,-1
15.047,-15.7,140.48,-1.53,0.0,0.5,0.0,-1
15.115,-15.7,140.48,-1.53,0.0,0.5,0.0,-1
15.162,-15.7,140.48,-1.53,0.0,0.5,0.0,-1
15.23,-15.7,140.48,-1.53,0.0,0.6,0.0,-1
15.296,-15.7,140.48,-1.53,0.01,0.6,0.0,-1
15.365,-15.7,140.48,-1.55,0.06,0.6,0.0,-1
15.433,-15.7,140.48,-1.56,0.1,0.7,0.0,-1
15.503,-15.7,140.48,-1.58,0.14,0.7,0.0,-1
15.571,-15.7,140.48,-1.58,0.17,0.7,0.0,-1
15.617,-15.7,140.48,-1.59,0.21,0.7,0.0,-1
15.686,-15.7,140.48,-1.6,0.26,0.7,0.0,-1
15.757,-15.7,140.48,-1.61,0.3,0.7,0.0,-1
15.825,-15.7,140.48,-1.64,0.33,0.7,0.0,-1
15.871,-15.71,140.48,-1.67,0.37,0.7,0.0,-1
15.943,-15.72,140.47,-1.84,0.42,0.7,0.0,-1
16.012,-15.73,140.47,-2.07,0.0,0.7,0.0,-1
16.058,-15.75,140.46,-2.46,0.0,0.7,0.0,-1
16.126,-15.77,140.46,-2.76,0.0,0.7,0.0,-1
16.195,-15.8,140.45,-3.23,0.0,0.7,0.0,-1
16.264,-15.83,140.44,-3.71,0.0,0.7,0.0,-1
16.334,-15.85,140.43,-4.18,0.0,0.7,0.0,-1
16.403,-15.88,140.42,-4.62,0.0,0.7,0.0,-1
16.448,-15.89,140.42,-4.9,0.0,0.7,0.0,-1
16.515,-15.92,140.41,-5.29,0.0,0.7,0.0,-1
16.582,-15.94,140.41,-5.58,0.0,0.0,0.0,-1
16.65,-15.96,140.4,-5.68,0.01,0.0,0.0,-1
16.719,-15.98,140.41,-5.69,0.05,0.0,0.0,-1
16.766,-16.0,140.41,-5.69,0.08,0.0,0.0,-1
16.833,-16.01,140.41,-5.69,0.12,0.0,0.0,-1
16.904,-16.02,140.41,-5.69,0.17,0.0,0.0,-1
16.971,-16.03,140.41,-5.69,0.21,0.0,0.0,-1
17.041,-16.04,140.41,-5.69,0.24,0.0,0.0,-1
17.087,-16.05,140.41,-5.69,0.28,0.0,0.0,-1
17.154,-16.06,140.41,-5.69,0.32,0.0,0.0,-1
17.222,-16.08,140.42,-5.69,0.37,0.0,0.0,-1
17.29,-16.1,140.42,-5.69,0.41,0.0,0.0,-1
17.359,-16.13,140.42,-5.7,0.45,0.0,0.0,-1
17.427,-16.16,140.42,-5.69,0.48,0.0,0.0,-1
17.472,-16.19,140.43,-5.68,0.52,0.0,0.0,-1
17.54,-16.23,140.43,-5.69,0.57,0.0,0.0,-1
17.588,-16.29,140.44,-5.68,0.61,0.0,0.0,-1
17.658,-16.36,140.44,-5.67,0.65,0.0,0.0,-1
17.728,-16.41,140.45,-5.73,0.68,0.1,0.0,-1
17.797,-16.5,140.45,-5.94,0.73,0.1,0.0,-1
17.843,-16.61,140.46,-6.19,0.77,0.1,0.0,-1
17.913,-16.73,140.46,-6.64,0.8,0.2,0.0,-1
17.982,-16.81,140.46,-7.04,0.84,0.2,0.0,-1
18.05,-16.95,140.47,-7.68,0.0,0.2,0.0,-1
18.118,-17.1,140.47,-8.39,0.0,0.3,0.0,-1
18.186,-17.26,140.47,-9.4,0.0,0.3,0.0,-1
18.256,-17.42,140.48,-10.47,0.0,0.3,0.0,-1
18.301,-17.52,140.48,-11.15,0.0,0.4,0.0,-1
18.371,-17.67,140.48,-12.4,0.0,0.4,0.0,-1
18.416,-17.81,140.48,-13.65,0.0,0.4,0.0,-1
18.487,-17.95,140.49,-14.85,0.0,0.5,0.0,-1
18.557,-18.07,140.49,-16.18,0.0,0.5,0.0,-1
18.625,-18.15,140.49,-17.06,0.0,0.5,0.0,-1
18.697,-18.27,140.5,-18.41,0.0,0.6,0.0,-1
18.768,-18.38,140.5,-19.85,0.0,0.6,0.0,-1
18.816,-18.45,140.51,-20.82,0.0,0.6,0.0,-1
18.889,-18.55,140.51,-22.22,0.0,0.6,0.0,-1
18.959,-18.65,140.52,-23.6,0.0,0.7,0.0,-1
19.009,-18.71,140.52,-24.6,0.0,0.7,0.0,-1
19.081,-18.79,140.53,-25.99,0.0,0.7,0.0,-1
19.15,-18.87,140.54,-27.25,0.0,0.7,0.0,-1
19.197,-18.92,140.54,-28.07,0.0,0.7,0.0,-1
19.267,-19.0,140.55,-29.23,0.0,0.7,0.0,-1
19.338,-19.07,140.56,-30.37,0.0,0.7,0.0,-1
19.407,-19.13,140.57,-31.4,0.0,0.7,0.0,-1
19.453,-19.17,140.58,-32.07,0.0,0.7,0.0,-1
19.522,-19.23,140.59,-33.02,0.0,0.7,0.0,-1
19.568,-19.28,140.6,-33.94,0.0,0.7,0.0,-1
19.64,-19.34,140.61,-34.82,0.0,0.7,0.0,-1
19.711,-19.37,140.62,-35.38,0.0,0.7,0.0,-1
19.782,-19.42,140.63,-36.2,0.0,0.7,0.0,-1
19.854,-19.46,140.65,-36.97,0.0,0.7,0.0,-1
19.901,-19.49,140.66,-37.46,0.0,0.7,0.0,-1
19.974,-19.54,140.67,-38.17,0.0,0.7,0.0,-1
20.044,-19.57,140.68,-38.82,0.0,0.7,0.0,-1
20.091,-19.61,140.69,-39.45,0.0,0.7,0.0,-1
20.163,-19.64,140.7,-39.87,0.0,0.7,0.0,-1
20.233,-19.67,140.71,-40.43,0.0,0.7,0.0,-1
20.304,-19.7,140.72,-40.97,0.0,0.7,0.0,-1
20.351,-19.72,140.73,-41.31,0.0,0.7,0.0,-1
20.42,-19.75,140.74,-41.81,0.0,0.7,0.0,-1
20.491,-19.78,140.75,-42.28,0.0,0.7,0.0,-1
20.561,-19.8,140.76,-42.72,0.0,0.7,0.0,-1
20.608,-19.82,140.77,-43.0,0.0,0.7,0.0,-1
20.676,-19.84,140.77,-43.4,0.0,0.7,0.0,-1
20.749,-19.86,140.78,-43.8,0.0,0.7,0.0,-1
20.797,-19.88,140.79,-44.05,0.0,0.7,0.0,-1
20.869,-19.9,140.8,-44.41,0.0,0.7,0.0,-1
20.941,-19.92,140.81,-44.75,0.0,0.7,0.0,-1
20.987,-19.93,140.81,-45.06,0.0,0.7,0.0,-1
21.057,-19.95,140.82,-45.26,0.0,0.7,0.0,-1
21.128,-19.96,140.83,-45.56,0.0,0.7,0.0,-1
21.197,-19.98,140.83,-45.76,0.01,0.0,0.0,-1
21.267,-19.99,140.84,-45.84,0.04,0.0,0.0,-1
21.312,-19.99,140.85,-45.85,0.08,0.0,0.0,-1
21.381,-20.0,140.86,-45.85,0.13,0.0,0.0,-1
21.451,-20.01,140.86,-45.85,0.17,0.0,0.0,-1
21.497,-20.01,140.87,-45.85,0.2,0.0,0.0,-1
21.567,-20.02,140.87,-45.85,0.24,0.0,0.0,-1
21.615,-20.02,140.88,-45.85,0.29,0.0,0.0,-1
21.689,-20.03,140.88,-45.85,0.32,0.0,0.0,-1
21.761,-20.03,140.89,-45.85,0.36,0.0,0.0,-1
21.833,-20.05,140.9,-45.85,0.41,0.0,0.0,-1
21.901,-20.06,140.92,-45.85,0.45,0.0,0.0,-1
21.949,-20.08,140.93,-45.86,0.48,0.0,0.0,-1
22.019,-20.1,140.96,-45.85,0.53,0.0,0.0,-1
22.088,-20.13,140.99,-45.84,0.57,0.0,0.0,-1
22.159,-20.17,141.03,-45.84,0.0,0.0,0.0,-1
22.206,-20.2,141.06,-45.84,0.0,0.0,0.0,-1
22.274,-20.24,141.1,-45.84,0.0,0.0,0.0,-1
22.344,-20.29,141.15,-45.84,0.0,0.0,0.0,-1
22.414,-20.34,141.2,-45.84,0.0,0.0,0.0,-1
22.46,-20.37,141.23,-45.84,0.0,0.0,0.0,-1
22.529,-20.41,141.28,-45.84,0.0,0.0,0.0,-1
22.601,-20.45,141.32,-45.84,0.0,0.0,0.0,-1
22.672,-20.49,141.36,-45.84,0.0,0.0,0.0,-1
22.718,-20.51,141.39,-45.84,0.0,0.0,0.0,-1
22.789,-20.55,141.42,-45.84,0.0,0.0,0.0,-1
22.861,-20.59,141.46,-45.84,0.0,0.0,0.0,-1
22.931,-20.62,141.49,-45.84,0.0,0.0,0.0,-1
22.976,-20.64,141.51,-45.84,0.0,0.0,0.0,-1
23.05,-20.67,141.54,-45.84,0.0,0.0,0.0,-1
23.121,-20.7,141.57,-45.84,0.0,0.0,0.0,-1
23.168,-20.71,141.59,-45.84,0.0,0.0,0.0,-1
23.24,-20.74,141.62,-45.83,0.0,-0.1,0.0,-1
23.287,-20.76,141.64,-45.75,0.0,-0.1,0.0,-1
23.358,-20.78,141.66,-45.7,0.0,-0.1,0.0,-1
23.426,-20.8,141.68,-45.62,0.0,-0.2,0.0,-1
23.495,-20.82,141.71,-45.49,0.0,-0.2,0.0,-1
23.566,-20.83,141.73,-45.36,0.0,-0.2,0.0,-1
23.612,-20.84,141.74,-45.27,0.0,-0.2,0.0,-1
23.681,-20.86,141.76,-45.12,0.0,-0.3,0.0,-1
23.75,-20.87,141.78,-44.95,0.0,-0.3,0.0,-1
23.819,-20.89,141.8,-44.79,0.0,-0.4,0.0,-1
23.889,-20.9,141.82,-44.6,0.0,-0.4,0.0,-1
23.933,-20.91,141.83,-44.51,0.0,0.0,0.0,-1
24.002,-20.92,141.84,-44.49,0.0,0.0,0.0,-1
24.074,-20.93,141.86,-44.49,0.02,0.0,0.0,-1
24.144,-20.95,141.87,-44.49,0.06,0.0,0.0,-1
24.19,-20.95,141.88,-44.49,0.09,0.0,0.0,-1
24.259,-20.96,141.88,-44.49,0.14,0.0,0.0,-1
24.329,-20.97,141.89,-44.49,0.18,0.0,0.0,-1
24.399,-20.98,141.9,-44.49,0.22,0.0,0.0,-1
24.445,-20.98,141.9,-44.49,0.25,0.0,0.0,-1
24.516,-20.99,141.91,-44.49,0.0,0.0,0.0,-1
24.585,-21.0,141.92,-44.49,0.0,0.0,0.0,-1
24.655,-21.02,141.94,-44.49,0.0,0.0,0.0,-1
24.702,-21.03,141.95,-44.49,0.0,0.0,0.0,-1
24.774,-21.04,141.96,-44.47,0.0,-0.1,0.0,-1
24.846,-21.06,141.98,-44.42,0.0,-0.1,0.0,-1
24.894,-21.06,141.99,-44.39,0.0,-0.1,0.0,-1
24.965,-21.08,142.0,-44.33,0.0,-0.2,0.0,-1
25.012,-21.08,142.01,-44.28,0.0,-0.2,0.0,-1
25.097,-21.1,142.03,-44.18,0.0,-0.2,0.0,-1
25.168,-21.11,142.04,-44.1,0.0,-0.3,0.0,-1
25.214,-21.11,142.05,-44.03,0.0,-0.3,0.0,-1
25.284,-21.12,142.06,-43.93,0.0,-0.3,0.0,-1
25.355,-21.13,142.07,-43.83,0.0,-0.4,0.0,-1
25.401,-21.14,142.08,-43.71,0.0,-0.4,0.0,-1
25.471,-21.14,142.08,-43.64,0.0,-0.4,0.0,-1
25.542,-21.15,142.09,-43.53,0.03,-0.5,0.0,-1
25.613,-21.15,142.1,-43.42,0.07,-0.5,0.0,-1
25.682,-21.16,142.11,-43.32,0.1,-0.5,0.0,-1
25.729,-21.16,142.11,-43.26,0.14,-0.5,0.0,-1
25.8,-21.16,142.12,-43.18,0.19,-0.6,0.0,-1
25.871,-21.17,142.13,-43.09,0.23,-0.6,0.0,-1
25.915,-21.17,142.13,-43.05,0.26,-0.6,0.0,-1
25.983,-21.17,142.13,-42.97,0.3,-0.7,0.0,-1
26.052,-21.17,142.14,-42.83,0.35,-0.7,0.0,-1
26.098,-21.18,142.15,-42.6,0.39,-0.7,0.0,-1
26.195,-21.19,142.17,-42.31,0.42,-0.7,0.0,-1
26.24,-21.19,142.18,-42.08,0.46,-0.7,0.0,-1
26.309,-21.21,142.21,-41.65,0.0,-0.7,0.0,-1
26.379,-21.22,142.24,-41.07,0.0,-0.7,0.0,-1
26.447,-21.24,142.27,-40.4,0.0,-0.7,0.0,-1
26.494,-21.26,142.3,-39.92,0.0,-0.7,0.0,-1
26.565,-21.28,142.34,-39.2,0.0,-0.7,0.0,-1
26.634,-21.3,142.37,-38.52,0.0,-0.7,0.0,-1
26.682,-21.31,142.4,-38.06,0.0,-0.7,0.0,-1
26.752,-21.33,142.43,-37.41,0.0,-0.7,0.0,-1
26.825,-21.35,142.47,-36.78,0.0,-0.7,0.0,-1
26.873,-21.37,142.5,-36.19,0.0,-0.7,0.0,-1
26.944,-21.39,142.52,-35.82,0.0,-0.7,0.0,-1
27.016,-21.4,142.55,-35.27,0.0,-0.7,0.0,-1
27.089,-21.42,142.57,-34.75,0.0,-0.7,0.0,-1
27.138,-21.43,142.59,-34.42,0.0,-0.7,0.0,-1
27.185,-21.45,142.61,-33.96,0.0,-0.7,0.0,-1
27.28,-21.46,142.63,-33.53,0.01,-0.7,0.0,-1
27.328,-21.47,142.65,-33.27,0.05,-0.7,0.0,-1
27.397,-21.49,142.66,-32.93,0.1,-0.7,0.0,-1
27.466,-21.5,142.68,-32.6,0.0,-0.7,0.0,-1
27.536,-21.51,142.7,-32.25,0.0,-0.7,0.0,-1
27.582,-21.52,142.71,-32.01,0.0,-0.7,0.0,-1
27.65,-21.53,142.73,-31.69,0.05,-0.7,0.0,-1
27.719,-21.54,142.74,-31.37,0.09,-0.7,0.0,-1
27.79,-21.55,142.76,-31.07,0.0,-0.7,0.0,-1
27.836,-21.56,142.77,-30.77,0.0,-0.7,0.0,-1
27.906,-21.57,142.78,-30.57,0.02,-0.7,0.0,-1
27.954,-21.58,142.79,-30.29,0.07,-0.7,0.0,-1
28.026,-21.59,142.81,-30.01,0.0,-0.7,0.0,-1
28.098,-21.6,142.82,-29.82,0.0,-0.7,0.0,-1
28.169,-21.61,142.83,-29.55,0.0,-0.7,0.0,-1
28.242,-21.62,142.84,-29.28,0.0,-0.7,0.0,-1
28.289,-21.63,142.85,-29.12,0.0,-0.7,0.0,-1
28.36,-21.64,142.86,-28.88,0.0,-0.7,0.0,-1
28.431,-21.64,142.87,-28.65,0.0,-0.7,0.0,-1
28.477,-21.65,142.88,-28.51,0.0,-0.7,0.0,-1
28.547,-21.66,142.89,-28.31,0.0,-0.7,0.0,-1
28.615,-21.67,142.9,-28.12,0.0,-0.7,0.0,-1
28.683,-21.67,142.9,-27.94,0.0,-0.7,0.0,-1
28.753,-21.68,142.91,-27.76,0.0,-0.7,0.0,-1
28.8,-21.68,142.92,-27.66,0.01,-0.7,0.0,-1
28.872,-21.69,142.93,-27.49,0.06,-0.7,0.0,-1
28.918,-21.7,142.93,-27.35,0.1,-0.7,0.0,-1
29.01,-21.7,142.94,-27.24,0.13,-0.7,0.0,-1
29.056,-21.7,142.94,-27.16,0.17,-0.7,0.0,-1
29.126,-21.71,142.95,-27.05,0.22,-0.7,0.0,-1
29.197,-21.71,142.95,-26.94,0.26,-0.7,0.0,-1
29.244,-21.72,142.95,-26.87,0.29,-0.7,0.0,-1
29.313,-21.72,142.96,-26.74,0.33,-0.7,0.0,-1
29.36,-21.73,142.97,-26.55,0.38,-0.7,0.0,-1
29.431,-21.74,142.98,-26.27,0.0,-0.7,0.0,-1
29.501,-21.75,142.99,-25.99,0.0,-0.7,0.0,-1
29.566,-21.77,143.01,-25.58,0.0,-0.7,0.0,-1
29.635,-21.79,143.03,-25.13,0.0,-0.7,0.0,-1
29.707,-21.81,143.05,-24.68,0.0,-0.7,0.0,-1
29.755,-21.82,143.07,-24.25,0.0,-0.7,0.0,-1
29.826,-21.84,143.08,-23.97,0.0,-0.7,0.0,-1
29.897,-21.85,143.1,-23.57,0.0,-0.7,0.0,-1
29.967,-21.87,143.12,-23.2,0.0,-0.7,0.0,-1
30.014,-21.88,143.13,-22.96,0.0,-0.7,0.0,-1
30.086,-21.89,143.14,-22.62,0.0,-0.7,0.0,-1
30.16,-21.91,143.15,-22.28,0.0,-0.7,0.0,-1
30.206,-21.92,143.16,-22.08,0.0,-0.7,0.0,-1
30.276,-21.93,143.18,-21.79,0.0,-0.7,0.0,-1
30.346,-21.94,143.19,-21.52,0.0,-0.7,0.0,-1
30.415,-21.95,143.2,-21.26,0.0,-0.7,0.0,-1
30.462,-21.96,143.2,-21.1,0.0,-0.7,0.0,-1
30.535,-21.97,143.21,-20.85,0.0,-0.7,0.0,-1
30.581,-21.98,143.22,-20.64,0.0,-0.7,0.0,-1
30.651,-21.99,143.23,-20.49,0.0,-0.7,0.0,-1
30.721,-22.0,143.24,-20.29,0.0,-0.7,0.0,-1
30.79,-22.01,143.25,-20.11,0.0,-0.7,0.0,-1
30.86,-22.02,143.25,-19.93,0.0,-0.7,0.0,-1
30.929,-22.02,143.26,-19.76,0.0,-0.7,0.0,-1
30.976,-22.03,143.26,-19.65,0.0,-0.7,0.0,-1
31.045,-22.04,143.27,-19.5,0.0,-0.7,0.0,-1
31.092,-22.04,143.28,-19.36,0.0,-0.7,0.0,-1
31.165,-22.04,143.28,-19.35,0.0,-0.7,0.0,-1
31.237,-22.04,143.28,-19.32,0.0,-0.7,0.0,-1
31.308,-22.05,143.28,-19.28,0.0,-0.7,0.0,-1
31.377,-22.05,143.28,-19.24,0.0,-0.7,0.0,-1
31.423,-22.05,143.28,-19.22,0.0,-0.7,0.0,-1
31.49,-22.05,143.28,-19.18,0.0,-0.7,0.0,-1
31.56,-22.05,143.28,-19.15,0.0,-0.7,0.0,-1
31.606,-22.05,143.28,-19.12,0.0,-0.7,0.0,-1
31.676,-22.05,143.28,-19.12,0.0,-0.7,0.0,-1
31.747,-22.05,143.28,-19.12,0.0,-0.7,0.0,-1
31.818,-22.05,143.28,-19.12,0.0,-0.7,0.0,-1
31.887,-22.05,143.28,-19.12,0.0,-0.7,0.0,-1
31.932,-22.05,143.28,-19.12,0.0,-0.7,0.0,-1
31.999,-22.05,143.28,-19.12,0.0,-0.7,0.0,-1
32.065,-22.05,143.28,-19.12,0.01,-0.7,0.0,-1
32.135,-22.05,143.29,-19.09,0.06,-0.7,0.0,-1
32.205,-22.06,143.29,-19.07,0.0,-0.7,0.0,-1
32.273,-22.06,143.29,-19.04,0.0,-0.7,0.0,-1
32.32,-22.06,143.29,-19.02,0.0,-0.7,0.0,-1
32.389,-22.06,143.29,-18.99,0.0,-0.7,0.0,-1
32.458,-22.06,143.29,-18.96,0.0,-0.7,0.0,-1
32.528,-22.06,143.29,-18.94,0.0,-0.7,0.0,-1
32.575,-22.06,143.29,-18.92,0.0,-0.7,0.0,-1
32.647,-22.06,143.29,-18.9,0.0,-0.7,0.0,-1
32.693,-22.06,143.29,-18.88,0.0,-0.7,0.0,-1
32.763,-22.06,143.29,-18.86,0.0,-0.7,0.0,-1
32.833,-22.07,143.29,-18.85,0.0,-0.7,0.0,-1
32.904,-22.07,143.3,-18.83,0.02,-0.7,0.0,-1
32.949,-22.07,143.3,-18.83,0.06,-0.7,0.0,-1
33.044,-22.07,143.29,-18.84,0.09,-0.7,0.0,-1
33.09,-22.07,143.29,-18.84,0.0,-0.7,0.0,-1
33.162,-22.07,143.29,-18.83,0.0,-0.7,0.0,-1
33.21,-22.07,143.3,-18.78,0.0,-0.7,0.0,-1
33.282,-22.07,143.3,-18.75,0.0,-0.7,0.0,-1
33.354,-22.07,143.3,-18.71,0.0,-0.7,0.0,-1
33.425,-22.07,143.3,-18.66,0.0,-0.7,0.0,-1
33.471,-22.07,143.3,-18.64,0.0,-0.7,0.0,-1
33.541,-22.08,143.3,-18.6,0.0,-0.7,0.0,-1
33.587,-22.08,143.3,-18.56,0.0,-0.7,0.0,-1
33.659,-22.08,143.31,-18.54,0.0,-0.7,0.0,-1
33.732,-22.08,143.31,-18.5,0.0,-0.7,0.0,-1
33.804,-22.08,143.31,-18.47,0.0,0.0,0.0,-1
33.872,-22.08,143.31,-18.46,0.0,0.0,0.0,-1
33.918,-22.08,143.31,-18.45,0.0,0.0,0.0,-1
33.988,-22.09,143.31,-18.45,0.0,0.0,0.0,-1
34.058,-22.09,143.31,-18.45,0.0,0.0,0.0,-1
34.128,-22.09,143.31,-18.45,0.0,0.0,0.0,-1
34.175,-22.09,143.31,-18.45,0.0,0.0,0.0,-1
34.243,-22.09,143.31,-18.45,0.0,0.0,0.0,-1
34.312,-22.09,143.31,-18.45,0.0,0.0,0.0,-1
34.38,-22.09,143.31,-18.45,0.0,0.0,0.0,1
34.427,-22.09,143.31,-18.45,0.0,0.0,0.0,1
34.496,-22.09,143.31,-18.45,0.0,0.0,0.0,1
34.566,-22.09,143.31,-18.45,0.0,0.1,0.0,1
34.636,-22.09,143.31,-18.45,0.0,0.1,0.0,1
34.704,-22.09,143.31,-18.45,0.0,0.1,0.0,1
34.75,-22.09,143.31,-18.45,0.0,0.2,0.0,1
34.818,-22.09,143.31,-18.45,0.0,0.2,0.0,1
34.864,-22.09,143.31,-18.45,0.0,0.2,0.0,1
34.956,-22.09,143.31,-18.45,0.0,0.3,0.0,1
35.024,-22.09,143.31,-18.45,0.0,0.3,0.0,1
35.072,-22.09,143.31,-18.45,0.0,0.3,0.0,1
35.139,-22.09,143.31,-18.45,0.0,0.4,0.0,1
35.21,-22.09,143.31,-18.45,0.0,0.4,0.0,1
35.28,-22.09,143.31,-18.45,0.02,0.4,0.0,1
35.327,-22.09,143.31,-18.45,0.05,0.4,0.0,1
35.396,-22.09,143.31,-18.45,0.1,0.5,0.0,1
35.466,-22.09,143.31,-18.44,0.14,0.5,0.0,1
35.514,-22.09,143.31,-18.42,0.0,0.6,0.0,1
35.604,-22.08,143.31,-18.38,0.0,0.6,0.0,1
35.651,-22.08,143.31,-18.34,0.0,0.6,0.0,1
35.697,-22.08,143.31,-18.29,0.04,0.6,0.0,1
35.766,-22.07,143.31,-18.23,0.08,0.7,0.0,1
35.859,-22.07,143.31,-18.21,0.11,0.7,0.0,1
35.907,-22.07,143.31,-18.19,0.15,0.7,0.0,1
35.977,-22.07,143.31,-18.16,0.2,0.7,0.0,1
36.047,-22.07,143.31,-18.16,0.24,0.7,0.0,1
36.118,-22.07,143.31,-18.14,0.27,0.7,0.0,1
36.165,-22.07,143.31,-18.13,0.0,0.7,0.0,1
36.234,-22.06,143.31,-17.99,0.0,0.7,0.0,1
36.305,-22.05,143.31,-17.75,0.0,0.7,0.0,1
36.351,-22.04,143.31,-17.59,0.0,0.7,0.0,1
36.422,-22.02,143.31,-17.32,0.0,0.7,0.0,1
36.469,-22.01,143.32,-17.07,0.0,0.7,0.0,1
36.54,-21.99,143.32,-16.83,0.0,0.7,0.0,1
36.609,-21.98,143.32,-16.67,0.0,0.7,0.0,1
36.681,-21.97,143.32,-16.44,0.0,0.7,0.0,1
36.752,-21.96,143.32,-16.23,0.0,0.7,0.0,1
36.799,-21.95,143.32,-16.1,0.0,0.7,0.0,1
36.869,-21.94,143.32,-15.92,0.02,0.7,0.0,1
36.915,-21.93,143.32,-15.74,0.06,0.7,0.0,1
37.008,-21.92,143.32,-15.59,0.1,0.7,0.0,1
37.054,-21.91,143.32,-15.51,0.13,0.7,0.0,1
37.122,-21.9,143.32,-15.39,0.17,0.7,0.0,1
37.191,-21.9,143.33,-15.29,0.22,0.7,0.0,1
37.26,-21.89,143.33,-15.19,0.26,0.7,0.0,1
37.33,-21.89,143.33,-15.1,0.29,0.7,0.0,1
37.376,-21.88,143.33,-15.01,0.33,0.7,0.0,1
37.445,-21.87,143.33,-14.86,0.38,0.7,0.0,1
37.514,-21.86,143.33,-14.6,0.0,0.7,0.0,1
37.583,-21.84,143.33,-14.21,0.0,0.7,0.0,1
37.65,-21.81,143.34,-13.78,0.0,0.7,0.0,1
37.697,-21.79,143.34,-13.48,0.0,0.7,0.0,1
37.771,-21.76,143.34,-13.01,0.0,0.7,0.0,1
37.841,-21.74,143.35,-12.61,0.04,0.7,0.0,1
37.887,-21.72,143.35,-12.38,0.07,0.7,0.0,1
37.956,-21.71,143.35,-12.08,0.12,0.7,0.0,1
38.026,-21.69,143.35,-11.8,0.16,0.7,0.0,1
38.098,-21.67,143.36,-11.54,0.2,0.7,0.0,1
38.144,-21.66,143.36,-11.4,0.23,0.7,0.0,1
38.213,-21.65,143.36,-11.16,0.28,0.7,0.0,1
38.281,-21.63,143.36,-10.87,0.32,0.7,0.0,1
38.326,-21.61,143.37,-10.57,0.36,0.7,0.0,1
38.416,-21.59,143.37,-10.2,0.0,0.7,0.0,1
38.462,-21.57,143.38,-9.88,0.0,0.7,0.0,1
38.531,-21.54,143.38,-9.33,0.0,0.7,0.0,1
38.599,-21.51,143.39,-8.76,0.0,0.7,0.0,1
38.643,-21.47,143.4,-8.22,0.0,0.7,0.0,1
38.734,-21.44,143.4,-7.69,0.0,0.7,0.0,1
38.802,-21.41,143.41,-7.22,0.03,0.7,0.0,1
38.849,-21.4,143.42,-6.94,0.07,0.7,0.0,1
38.918,-21.37,143.42,-6.55,0.0,0.7,0.0,1
38.986,-21.35,143.43,-6.14,0.0,0.7,0.0,1
39.055,-21.32,143.44,-5.73,0.03,0.7,0.0,1
39.123,-21.3,143.44,-5.34,0.06,0.7,0.0,1
39.168,-21.29,143.45,-5.12,0.0,0.7,0.0,1
39.237,-21.27,143.45,-4.76,0.0,0.7,0.0,1
39.283,-21.25,143.46,-4.4,0.0,0.7,0.0,1
39.375,-21.23,143.46,-4.06,0.0,0.7,0.0,1
39.421,-21.21,143.47,-3.73,0.0,0.7,0.0,1
39.488,-21.2,143.47,-3.53,0.0,0.7,0.0,1
39.559,-21.18,143.48,-3.22,0.0,0.7,0.0,1
39.628,-21.16,143.49,-2.94,0.0,0.7,0.0,1
39.698,-21.15,143.49,-2.66,0.0,0.7,0.0,1
39.744,-21.14,143.49,-2.49,0.0,0.7,0.0,1
39.812,-21.12,143.5,-2.26,0.01,0.7,0.0,1
39.881,-21.11,143.5,-2.04,0.05,0.7,0.0,1
39.949,-21.1,143.51,-1.87,0.09,0.7,0.0,1
40.016,-21.09,143.51,-1.72,0.0,0.7,0.0,1
40.06,-21.08,143.51,-1.55,0.0,0.7,0.0,1
40.127,-21.08,143.52,-1.42,0.0,0.7,0.0,1
40.194,-21.07,143.52,-1.24,0.0,0.7,0.0,1
40.26,-21.06,143.52,-1.07,0.0,0.7,0.0,1
40.328,-21.05,143.53,-0.9,0.0,0.7,0.0,1
40.395,-21.04,143.53,-0.75,0.0,0.7,0.0,1
40.462,-21.03,143.53,-0.6,0.0,0.7,0.0,1
40.532,-21.02,143.54,-0.46,0.0,0.7,0.0,1
40.578,-21.01,143.54,-0.37,0.0,0.7,0.0,1
40.646,-21.01,143.54,-0.24,0.0,0.7,0.0,1
40.715,-21.0,143.54,-0.12,0.0,0.7,0.0,1
40.784,-20.99,143.55,-0.01,0.01,0.7,0.0,1
40.83,-20.99,143.55,0.06,0.04,0.7,0.0,1
40.899,-20.98,143.55,0.15,0.09,0.7,0.0,1
40.966,-20.98,143.55,0.23,0.0,0.7,0.0,1
41.011,-20.97,143.55,0.33,0.0,0.7,0.0,1
41.102,-20.97,143.56,0.44,0.0,0.7,0.0,1
41.169,-20.96,143.56,0.53,0.03,0.7,0.0,1
41.216,-20.96,143.56,0.59,0.06,0.7,0.0,1
41.283,-20.95,143.56,0.68,0.0,0.7,0.0,1
41.351,-20.95,143.56,0.77,0.0,0.7,0.0,1
41.418,-20.94,143.57,0.86,0.0,0.7,0.0,1
41.464,-20.94,143.57,0.92,0.0,0.0,0.0,1
41.552,-20.93,143.57,0.94,0.0,0.0,0.0,1
41.62,-20.93,143.57,0.94,0.0,0.0,0.0,1
41.666,-20.93,143.57,0.94,0.0,0.0,0.0,1
41.735,-20.92,143.57,0.94,0.0,0.0,0.0,1
41.802,-20.92,143.57,0.94,0.0,0.0,0.0,1
41.846,-20.91,143.57,0.94,0.0,0.0,0.0,1
41.935,-20.91,143.57,0.94,0.0,0.0,0.0,1
41.98,-20.91,143.57,0.94,0.0,0.0,0.0,1
42.046,-20.9,143.57,0.94,0.0,0.0,0.0,1
42.114,-20.9,143.57,0.94,0.0,0.0,0.0,1
42.182,-20.9,143.57,0.94,0.0,0.0,0.0,1
42.252,-20.9,143.57,0.94,0.0,0.0,0.0,1
42.32,-20.9,143.57,0.94,0.0,0.0,0.0,1
42.388,-20.9,143.57,0.94,0.0,0.0,0.0,1
42.432,-20.9,143.57,0.94,0.0,0.0,0.0,1
42.502,-20.9,143.57,0.94,0.0,0.0,0.0,1
42.57,-20.9,143.57,0.94,0.0,0.0,0.0,1
42.639,-20.9,143.57,0.94,0.0,0.0,0.0,1
42.706,-20.9,143.57,0.94,0.0,0.0,0.0,1
42.751,-20.9,143.57,0.94,0.0,0.0,0.0,1
42.817,-20.9,143.57,0.94,0.0,0.0,0.0,1
42.886,-20.9,143.57,0.94,0.0,0.0,0.0,1
42.955,-20.9,143.57,0.94,0.0,0.0,0.0,1
43.022,-20.9,143.57,0.94,0.0,0.0,0.0,1
43.068,-20.9,143.57,0.94,0.0,0.0,0.0,-1
43.136,-20.9,143.57,0.94,0.0,0.0,0.0,-1
43.204,-20.9,143.57,0.94,0.0,0.0,0.0,-1
43.272,-20.9,143.57,0.94,0.0,0.0,0.0,-1
43.341,-20.9,143.57,0.94,0.0,0.0,0.0,-1
43.408,-20.9,143.57,0.94,0.0,0.0,0.4,-1
43.455,-20.9,143.57,0.94,0.0,0.0,1.0,-1
43.522,-20.9,143.57,0.94,0.0,0.0,0.0,-1
43.591,-20.9,143.57,0.94,0.0,0.0,0.6,-1
43.66,-20.9,143.57,0.94,0.0,0.0,1.0,-1
43.727,-20.9,143.57,0.94,0.0,0.0,0.0,-1
43.795,-20.9,143.57,0.94,0.0,0.0,0.0,-1
43.842,-20.9,143.57,0.94,0.0,0.0,0.0,-1
43.911,-20.9,143.57,0.94,0.0,0.0,0.0,-1
43.978,-20.9,143.57,0.94,0.04,0.0,0.0,-1
44.046,-20.9,143.57,0.94,0.0,0.0,0.0,-1
44.113,-20.9,143.57,0.94,0.0,0.0,0.0,-1
44.159,-20.9,143.57,0.94,0.03,0.0,0.0,-1
44.227,-20.9,143.57,0.94,0.0,0.0,0.0,-1
44.297,-20.9,143.57,0.93,0.01,0.0,0.0,-1
44.365,-20.91,143.57,0.94,0.05,0.0,0.0,-1
44.434,-20.91,143.57,0.94,0.08,0.0,0.0,-1
44.48,-20.91,143.57,0.94,0.12,0.0,0.0,-1
44.549,-20.91,143.57,0.95,0.17,0.0,0.0,-1
44.616,-20.91,143.57,0.94,0.21,0.0,0.0,-1
44.683,-20.91,143.57,0.94,0.25,0.0,0.0,-1
44.752,-20.91,143.57,0.93,0.29,0.0,0.0,-1
44.798,-20.92,143.57,0.94,0.32,0.0,0.0,-1
44.867,-20.92,143.57,0.94,0.36,0.0,0.0,-1
44.937,-20.93,143.57,0.92,0.41,0.0,0.0,-1
45.005,-20.94,143.56,0.92,0.45,0.0,0.0,-1
45.05,-20.96,143.56,0.93,0.49,0.0,0.0,-1
45.139,-20.99,143.56,0.92,0.52,0.0,0.0,-1
45.185,-21.02,143.56,0.93,0.0,0.0,0.0,-1
45.255,-21.06,143.56,0.93,0.0,0.0,0.0,-1
45.325,-21.11,143.56,0.93,0.0,0.0,0.0,-1
45.371,-21.16,143.56,0.93,0.0,0.0,0.0,-1
45.461,-21.2,143.56,0.93,0.0,0.0,0.0,-1
45.505,-21.23,143.56,0.93,0.0,0.0,0.0,-1
45.573,-21.27,143.56,0.93,0.0,0.0,0.0,-1
45.642,-21.31,143.56,0.93,0.0,0.0,0.0,-1
45.709,-21.35,143.56,0.93,0.0,0.0,0.0,-1
45.777,-21.38,143.56,0.93,0.0,0.0,0.0,-1
45.824,-21.41,143.56,0.93,0.0,0.0,0.0,-1
45.893,-21.44,143.56,0.93,0.0,0.0,0.0,-1
45.938,-21.47,143.55,0.93,0.0,0.0,0.0,-1
46.006,-21.5,143.55,0.93,0.0,0.0,0.0,-1
46.075,-21.53,143.55,0.93,0.0,0.0,0.0,-1
46.143,-21.55,143.55,0.93,0.0,0.0,0.0,-1
46.211,-21.57,143.55,0.93,0.0,0.0,0.0,-1
46.256,-21.6,143.55,0.93,0.0,0.0,0.0,-1
46.328,-21.62,143.55,0.93,0.0,0.0,0.0,-1
46.396,-21.64,143.55,0.93,0.0,0.0,0.0,-1
46.467,-21.66,143.55,0.93,0.0,0.0,0.0,-1
46.534,-21.68,143.55,0.93,0.0,0.0,0.0,-1
46.603,-21.7,143.55,0.93,0.0,0.0,0.0,-1
46.672,-21.72,143.55,0.93,0.0,0.0,0.0,-1
46.716,-21.74,143.55,0.93,0.0,0.0,0.0,-1
46.784,-21.75,143.55,0.93,0.0,0.0,0.0,-1
46.852,-21.76,143.55,0.93,0.01,0.0,0.0,-1
46.898,-21.78,143.55,0.93,0.05,0.0,0.0,-1
46.966,-21.79,143.55,0.92,0.09,0.0,0.0,-1
47.056,-21.8,143.55,0.92,0.13,0.0,0.0,-1
47.104,-21.81,143.55,0.92,0.16,0.0,0.0,-1
47.172,-21.81,143.55,0.92,0.21,0.0,0.0,-1
47.241,-21.82,143.55,0.92,0.25,0.0,0.0,-1
47.309,-21.83,143.55,0.92,0.29,0.0,0.0,-1
47.377,-21.84,143.55,0.93,0.33,0.0,0.0,-1
47.424,-21.85,143.55,0.93,0.0,0.0,0.0,-1
47.492,-21.87,143.55,0.93,0.0,0.0,0.0,-1
47.559,-21.89,143.55,0.93,0.0,0.0,0.0,-1
47.605,-21.92,143.55,0.93,0.0,0.0,0.0,-1
47.696,-21.95,143.55,0.93,0.0,0.0,0.0,-1
47.762,-21.97,143.54,0.93,0.0,0.0,0.0,-1
47.807,-21.99,143.54,0.93,0.0,0.0,0.0,-1
47.875,-22.01,143.54,0.93,0.0,0.0,0.0,-1
47.921,-22.04,143.54,0.93,0.0,0.0,0.0,-1
48.012,-22.06,143.54,0.93,0.0,0.0,0.0,-1
48.08,-22.08,143.54,0.93,0.0,0.0,0.0,-1
48.127,-22.09,143.54,0.93,0.0,0.0,0.0,-1
48.195,-22.11,143.54,0.93,0.0,0.0,0.0,-1
48.262,-22.13,143.54,0.93,0.0,0.0,0.0,-1
48.309,-22.15,143.54,0.93,0.0,0.0,0.0,-1
48.401,-22.17,143.54,0.93,0.0,0.0,0.0,-1
48.448,-22.18,143.54,0.93,0.0,0.0,0.0,-1
48.516,-22.19,143.54,0.93,0.0,0.0,0.0,-1
48.585,-22.21,143.54,0.93,0.0,0.0,0.0,-1
48.655,-22.22,143.54,0.93,0.0,0.0,0.0,-1
48.7,-22.23,143.54,0.93,0.0,0.0,0.0,-1
48.768,-22.24,143.54,0.93,0.0,0.0,0.0,-1
48.837,-22.25,143.54,0.93,0.0,0.0,0.6,-1
48.882,-22.25,143.54,0.93,0.0,0.0,1.0,-1
48.974,-22.25,143.54,0.93,0.0,0.0,1.0,-1
49.02,-22.25,143.54,0.93,0.0,0.0,1.0,-1
49.09,-22.25,143.54,0.93,0.0,0.0,1.0,-1
49.157,-22.25,143.54,0.93,0.0,0.0,1.0,-1
49.227,-22.25,143.54,0.93,0.0,0.0,1.0,-1
49.27,-22.25,143.54,0.93,0.0,0.0,1.0,-1
49.36,-22.25,143.54,0.93,0.0,0.0,0.0,-1
49.428,-22.25,143.54,0.93,0.0,0.0,0.0,-1
49.474,-22.25,143.54,0.93,0.0,0.0,0.0,-1
49.544,-22.25,143.54,0.93,0.0,0.0,0.0,-1
49.612,-22.25,143.54,0.93,0.0,0.0,0.0,-1
49.681,-22.25,143.54,0.93,0.0,0.0,0.0,-1
49.748,-22.25,143.54,0.93,0.0,0.0,0.0,-1
49.794,-22.25,143.54,0.93,0.0,0.0,0.0,-1
49.862,-22.25,143.54,0.93,0.0,0.0,0.0,-1
49.93,-22.25,143.54,0.93,0.0,0.0,0.0,-1
49.998,-22.25,143.54,0.93,0.0,0.0,0.0,-1
50.064,-22.25,143.54,0.93,0.0,0.0,0.0,-1
50.131,-22.25,143.54,0.93,0.0,0.0,0.0,-1
50.177,-22.25,143.54,0.93,0.0,0.0,0.0,-1
50.245,-22.25,143.54,0.93,0.0,0.0,0.0,-1
50.313,-22.25,143.54,0.93,0.0,0.0,0.0,-1
50.358,-22.25,143.54,0.93,0.0,0.0,0.0,-1
