Time, x, y, angle, throttle, steer, brake, gear 
0.0,-25.0,139.0,0.0,0.0,0.0,0.0,1
0.071,-25.0,139.0,0.0,0.0,0.0,0.0,1
0.14,-25.0,139.0,0.0,0.0,0.0,0.0,1
0.188,-25.0,139.0,0.0,0.0,0.0,0.0,1
0.257,-25.0,139.0,0.0,0.0,0.0,0.0,1
0.331,-25.0,139.0,0.0,0.0,0.0,0.0,1
0.382,-25.0,139.0,0.0,0.0,0.0,0.0,1
0.455,-25.0,139.0,0.0,0.0,0.0,0.0,1
0.526,-25.0,139.0,0.0,0.0,0.0,0.0,1
0.572,-25.0,139.0,0.0,0.0,0.0,0.0,1
0.64,-25.0,139.0,0.0,0.0,0.0,0.0,1
0.686,-25.0,139.0,0.0,0.0,0.0,0.0,1
0.767,-25.0,139.0,0.0,0.0,0.0,0.0,1
0.84,-25.0,139.0,0.0,0.0,0.0,0.0,1
0.89,-25.0,139.0,0.0,0.0,0.0,0.0,1
0.961,-25.0,139.0,0.0,0.0,0.0,0.0,1
1.037,-25.0,139.0,0.0,0.0,0.0,0.0,1
1.089,-25.0,139.0,0.0,0.0,0.0,0.0,1
1.161,-25.0,139.0,0.0,0.0,0.0,0.0,1
1.237,-25.0,139.0,0.0,0.0,0.0,0.0,1
1.285,-25.0,139.0,0.0,0.0,0.0,0.0,1
1.333,-25.0,139.0,0.0,0.0,0.0,0.0,1
1.405,-25.0,139.0,0.0,0.0,0.0,0.0,1
1.476,-25.0,139.0,0.0,0.0,0.0,0.0,1
1.547,-25.0,139.0,0.0,0.0,0.0,0.0,1
1.618,-25.0,139.0,0.0,0.0,0.1,0.0,1
1.666,-25.0,139.0,0.0,0.0,0.1,0.0,1
1.737,-25.0,139.0,0.0,0.0,0.1,0.0,1
1.806,-25.0,139.0,0.0,0.0,0.2,0.0,1
1.853,-25.0,139.0,0.0,0.0,0.2,0.0,1
1.922,-25.0,139.0,0.0,0.0,0.2,0.0,1
1.993,-25.0,139.0,0.0,0.0,0.3,0.0,1
2.04,-25.0,139.0,0.0,0.0,0.3,0.0,1
2.11,-25.0,139.0,0.0,0.0,0.3,0.0,1
2.176,-25.0,139.0,0.0,0.0,0.3,0.0,1
2.223,-25.0,139.0,0.0,0.01,0.4,0.0,1
2.316,-25.0,139.0,0.0,0.05,0.4,0.0,1
2.363,-25.0,139.0,0.0,0.08,0.4,0.0,1
2.431,-25.0,139.0,0.0,0.12,0.5,0.0,1
2.501,-25.0,139.0,0.0,0.17,0.5,0.0,1
2.572,-25.0,139.0,0.0,0.21,0.5,0.0,1
2.618,-25.0,139.0,0.0,0.24,0.6,0.0,1
2.688,-25.0,139.0,0.0,0.28,0.6,0.0,1
2.758,-25.0,139.0,0.0,0.0,0.6,0.0,1
2.829,-25.0,139.0,0.0,0.0,0.7,0.0,1
2.877,-25.0,139.0,0.0,0.0,0.7,0.0,1
2.946,-25.0,139.0,0.0,0.0,0.7,0.0,1
3.015,-25.0,139.0,0.0,0.0,0.7,0.0,1
3.085,-25.0,139.0,0.0,0.0,0.7,0.0,1
3.131,-25.0,139.0,0.0,0.03,0.7,0.0,1
3.202,-25.0,139.0,0.0,0.07,0.7,0.0,1
3.269,-25.0,139.0,0.0,0.12,0.7,0.0,1
3.338,-25.0,139.0,0.0,0.16,0.7,0.0,1
3.408,-25.0,139.0,0.0,0.2,0.7,0.0,1
3.456,-25.0,139.0,0.0,0.23,0.7,0.0,1
3.524,-25.0,139.0,0.0,0.28,0.7,0.0,1
3.595,-25.0,139.0,0.0,0.32,0.7,0.0,1
3.641,-25.0,139.0,0.0,0.35,0.7,0.0,1
3.711,-25.0,139.0,0.0,0.39,0.7,0.0,1
3.783,-25.0,139.0,0.0,0.44,0.7,0.0,1
3.853,-25.0,139.0,0.0,0.48,0.7,0.0,1
3.922,-25.0,139.0,0.0,0.51,0.7,0.0,1
3.97,-25.0,139.0,0.0,0.56,0.7,0.0,1
4.041,-25.0,139.0,0.0,0.0,0.7,0.0,1
4.11,-25.0,139.0,0.0,0.0,0.7,0.0,1
4.157,-25.0,139.0,0.0,0.0,0.7,0.0,1
4.228,-25.0,139.0,0.0,0.0,0.7,0.0,1
4.298,-25.0,139.0,0.0,0.0,0.7,0.0,1
4.369,-25.0,139.0,0.0,0.03,0.7,0.0,1
4.415,-25.0,139.0,0.0,0.07,0.7,0.0,1
4.484,-25.0,139.0,0.0,0.12,0.7,0.0,1
4.554,-25.0,139.0,0.0,0.16,0.7,0.0,1
4.623,-25.0,139.0,0.0,0.2,0.7,0.0,1
4.67,-25.0,139.0,0.0,0.23,0.7,0.0,1
4.741,-25.0,139.0,0.0,0.28,0.7,0.0,1
4.786,-25.0,139.0,0.0,0.32,0.7,0.0,1
4.879,-25.0,139.0,0.0,0.36,0.7,0.0,1
4.924,-25.0,139.0,0.06,0.39,0.7,0.0,1
4.993,-24.96,139.02,0.77,0.44,0.7,0.0,1
5.063,-24.9,139.04,1.85,0.0,0.7,0.0,1
5.133,-24.83,139.07,3.12,0.0,0.7,0.0,1
5.18,-24.78,139.1,4.01,0.0,0.7,0.0,1
5.252,-24.7,139.13,5.34,0.0,0.7,0.0,1
5.322,-24.63,139.17,6.61,0.0,0.7,0.0,1
5.369,-24.56,139.2,7.81,0.0,0.7,0.0,1
5.438,-24.52,139.23,8.57,0.0,0.7,0.0,1
5.507,-24.47,139.26,9.64,0.0,0.7,0.0,1
5.574,-24.41,139.29,10.62,0.0,0.7,0.0,1
5.646,-24.36,139.32,11.63,0.0,0.7,0.0,1
5.694,-24.33,139.34,12.24,0.02,0.7,0.0,1
5.764,-24.28,139.37,12.93,0.07,0.0,0.0,1
5.834,-24.24,139.39,13.2,0.11,0.0,0.0,1
5.904,-24.2,139.4,13.24,0.14,0.0,0.0,1
5.951,-24.18,139.4,13.24,0.18,0.0,0.0,1
6.02,-24.14,139.41,13.24,0.23,0.0,0.0,1
6.09,-24.11,139.42,13.25,0.27,0.0,0.0,1
6.16,-24.07,139.43,13.24,0.3,0.0,0.0,1
6.207,-24.05,139.43,13.24,0.34,0.0,0.0,1
6.277,-24.01,139.44,13.24,0.39,0.0,0.0,1
6.348,-23.97,139.45,13.25,0.43,0.0,0.0,1
6.394,-23.92,139.46,13.24,0.46,0.0,0.0,1
6.466,-23.89,139.47,13.24,0.5,0.0,0.0,1
6.513,-23.83,139.49,13.29,0.55,0.1,0.0,1
6.604,-23.76,139.51,13.44,0.59,0.1,0.0,1
6.671,-23.69,139.53,13.62,0.62,0.1,0.0,1
6.72,-23.64,139.54,13.82,0.66,0.2,0.0,1
6.79,-23.55,139.58,14.23,0.71,0.2,0.0,1
6.836,-23.45,139.61,14.57,0.75,0.0,0.0,1
6.926,-23.34,139.64,14.6,0.79,0.0,0.0,1
6.972,-23.26,139.66,14.6,0.0,0.0,0.0,1
7.041,-23.13,139.69,14.6,0.0,0.0,0.0,1
7.112,-22.98,139.73,14.6,0.0,0.0,0.0,1
7.185,-22.84,139.77,14.6,0.0,0.0,0.0,1
7.232,-22.75,139.79,14.6,0.0,0.0,0.0,1
7.305,-22.62,139.83,14.6,0.0,0.0,0.0,1
7.374,-22.5,139.86,14.6,0.0,0.0,0.0,1
7.422,-22.43,139.88,14.6,0.03,0.0,0.0,1
7.495,-22.32,139.91,14.6,0.08,0.0,0.0,1
7.565,-22.22,139.93,14.6,0.12,0.0,0.0,1
7.612,-22.15,139.95,14.6,0.15,0.0,0.0,1
7.681,-22.06,139.97,14.6,0.2,0.0,0.0,1
7.751,-21.97,140.0,14.6,0.0,-0.0,0.0,1
7.82,-21.89,140.02,14.6,0.0,-0.0,0.0,1
7.889,-21.8,140.04,14.46,0.0,-0.1,0.0,1
7.936,-21.74,140.05,14.33,0.0,-0.1,0.0,1
8.005,-21.66,140.06,14.14,0.0,-0.1,0.0,1
8.051,-21.59,140.08,13.84,0.0,-0.2,0.0,1
8.142,-21.52,140.09,13.52,0.0,-0.2,0.0,1
8.188,-21.47,140.09,13.31,0.0,-0.2,0.0,1
8.257,-21.41,140.1,12.96,0.0,-0.3,0.0,1
8.326,-21.35,140.1,12.57,0.0,0.0,0.0,1
8.394,-21.29,140.11,12.48,0.03,0.0,0.0,1
8.462,-21.24,140.12,12.47,0.07,0.0,0.0,1
8.532,-21.2,140.13,12.47,0.1,0.0,0.0,1
8.577,-21.18,140.14,12.47,0.14,0.0,0.0,1
8.646,-21.14,140.15,12.47,0.19,0.0,0.0,1
8.714,-21.1,140.16,12.48,0.23,0.0,0.0,1
8.762,-21.07,140.16,12.49,0.26,0.0,0.0,1
8.83,-21.05,140.17,12.51,0.3,0.0,0.0,1
8.898,-21.01,140.18,12.51,0.35,0.0,0.0,1
8.97,-20.97,140.19,12.53,0.39,0.0,0.0,1
9.017,-20.93,140.2,12.54,0.42,0.0,0.0,1
9.088,-20.89,140.2,12.54,0.46,0.0,0.0,1
9.157,-20.84,140.22,12.54,0.51,0.0,0.0,1
9.227,-20.77,140.23,12.54,0.55,0.0,0.0,1
9.296,-20.71,140.24,12.54,0.0,0.0,0.0,1
9.343,-20.65,140.26,12.54,0.0,0.0,0.0,1
9.415,-20.57,140.27,12.52,0.0,-0.1,0.0,1
9.485,-20.49,140.29,12.35,0.0,-0.1,0.0,1
9.53,-20.45,140.3,12.23,0.0,-0.1,0.0,1
9.599,-20.37,140.31,12.06,0.0,-0.1,0.0,1
9.671,-20.3,140.32,11.79,0.0,-0.2,0.0,1
9.715,-20.24,140.32,11.49,0.0,-0.2,0.0,1
9.785,-20.18,140.33,11.22,0.0,-0.2,0.0,1
9.854,-20.14,140.33,11.0,0.0,-0.3,0.0,1
9.923,-20.09,140.33,10.63,0.0,-0.3,0.0,1
9.969,-20.04,140.33,10.27,0.0,-0.3,0.0,1
10.061,-19.99,140.33,9.88,0.0,-0.4,0.0,1
10.129,-19.94,140.33,9.48,0.0,-0.4,0.0,1
10.174,-19.92,140.33,9.22,0.0,-0.4,0.0,1
10.242,-19.88,140.33,8.83,0.0,-0.5,0.0,1
10.312,-19.84,140.32,8.39,0.0,-0.5,0.0,1
10.382,-19.8,140.32,8.0,0.02,-0.5,0.0,1
10.429,-19.78,140.32,7.76,0.05,0.0,0.0,1
10.499,-19.75,140.32,7.55,0.1,0.0,0.0,1
10.545,-19.73,140.32,7.52,0.14,0.0,0.0,1
10.638,-19.71,140.32,7.52,0.18,0.0,0.0,1
10.684,-19.69,140.32,7.53,0.21,0.0,0.0,1
10.752,-19.67,140.33,7.53,0.25,0.0,0.0,1
10.821,-19.65,140.33,7.51,0.3,0.0,0.0,1
10.868,-19.62,140.33,7.52,0.34,0.0,0.0,1
10.962,-19.6,140.33,7.53,0.37,0.0,0.0,1
11.008,-19.58,140.34,7.52,0.41,0.0,0.0,1
11.079,-19.55,140.34,7.53,0.46,0.0,0.0,1
11.148,-19.51,140.35,7.53,0.5,0.0,0.0,1
11.198,-19.47,140.35,7.54,0.53,0.0,0.0,1
11.271,-19.42,140.36,7.54,0.58,0.0,0.0,1
11.339,-19.35,140.37,7.54,0.62,0.0,0.0,1
11.409,-19.27,140.38,7.54,0.65,0.0,0.0,1
11.457,-19.21,140.39,7.55,0.69,0.0,0.0,1
11.527,-19.1,140.4,7.55,0.74,0.0,0.0,1
11.596,-18.99,140.42,7.54,0.0,0.0,0.0,1
11.642,-18.9,140.43,7.56,0.0,0.0,0.0,1
11.713,-18.77,140.44,7.56,0.0,0.0,0.0,1
11.783,-18.64,140.46,7.56,0.0,0.0,0.0,1
11.83,-18.52,140.47,7.38,0.0,-0.1,0.0,1
11.901,-18.44,140.48,7.19,0.0,-0.1,0.0,1
11.971,-18.33,140.49,6.93,0.0,-0.1,0.0,1
12.039,-18.22,140.49,6.53,0.0,-0.2,0.0,1
12.108,-18.12,140.49,6.08,0.0,-0.2,0.0,1
12.155,-18.02,140.49,5.65,0.0,-0.2,0.0,1
12.224,-17.96,140.49,5.31,0.0,-0.3,0.0,1
12.294,-17.88,140.49,4.74,0.0,-0.3,0.0,1
12.363,-17.8,140.48,4.2,0.0,-0.3,0.0,1
12.433,-17.73,140.47,3.58,0.0,-0.4,0.0,1
12.479,-17.68,140.47,3.16,0.0,-0.4,0.0,1
12.549,-17.61,140.46,2.55,0.0,-0.4,0.0,1
12.619,-17.55,140.44,1.93,0.0,-0.5,0.0,1
12.69,-17.49,140.43,1.26,0.0,-0.5,0.0,1
12.736,-17.45,140.42,0.93,0.0,0.0,0.0,1
12.807,-17.4,140.42,0.79,0.0,0.0,0.0,1
12.877,-17.35,140.42,0.79,0.04,0.0,0.0,1
12.925,-17.32,140.42,0.78,0.07,0.0,0.0,1
12.994,-17.28,140.42,0.78,0.12,0.0,0.0,1
13.063,-17.25,140.42,0.78,0.16,0.0,0.0,1
13.132,-17.22,140.42,0.78,0.2,0.0,0.0,1
13.201,-17.19,140.42,0.77,0.23,0.0,0.0,1
13.247,-17.17,140.42,0.77,0.27,0.0,0.0,1
13.317,-17.14,140.42,0.77,0.32,0.0,0.0,1
13.386,-17.11,140.42,0.77,0.36,0.0,0.0,1
13.456,-17.07,140.43,0.76,0.4,0.0,0.0,1
13.504,-17.04,140.43,0.77,0.43,0.0,0.0,1
13.572,-16.99,140.43,0.77,0.48,0.0,0.0,1
13.641,-16.93,140.43,0.77,0.52,0.0,0.0,1
13.71,-16.87,140.43,0.77,0.0,0.0,0.0,1
13.757,-16.82,140.43,0.77,0.0,0.0,0.0,1
13.83,-16.73,140.43,0.77,0.0,0.0,0.0,1
13.898,-16.66,140.43,0.77,0.0,0.0,0.0,1
13.944,-16.58,140.43,0.77,0.0,0.0,0.0,1
14.014,-16.53,140.43,0.77,0.0,0.0,0.0,1
14.061,-16.46,140.43,0.77,0.0,0.0,0.0,1
14.153,-16.4,140.43,0.77,0.0,0.0,0.0,1
14.224,-16.33,140.44,0.77,0.0,0.0,0.0,1
14.271,-16.3,140.44,0.77,0.0,0.0,0.0,1
14.341,-16.24,140.44,0.77,0.0,0.0,0.0,1
14.411,-16.19,140.44,0.77,0.0,0.0,0.0,1
14.458,-16.15,140.44,0.77,0.0,0.0,0.0,1
14.528,-16.1,140.44,0.77,0.0,0.0,0.0,1
14.599,-16.06,140.44,0.77,0.0,0.0,0.0,1
14.645,-16.02,140.44,0.77,0.0,0.0,0.0,1
14.737,-15.98,140.44,0.77,0.0,0.0,0.0,1
14.784,-15.95,140.44,0.77,0.0,0.0,0.0,1
14.853,-15.92,140.44,0.77,0.0,0.0,0.0,1
14.899,-15.88,140.44,0.77,0.0,0.0,0.0,1
14.992,-15.85,140.44,0.77,0.0,0.0,0.0,1
15.04,-15.84,140.44,0.77,0.0,0.0,0.2,1
15.089,-15.84,140.44,0.77,0.0,0.0,1.0,1
15.182,-15.84,140.44,0.77,0.0,0.0,1.0,1
15.229,-15.84,140.44,0.77,0.0,0.0,0.0,1
15.298,-15.84,140.44,0.77,0.0,0.0,0.0,1
15.369,-15.84,140.44,0.77,0.0,0.0,0.0,1
15.44,-15.83,140.44,0.77,0.0,0.0,0.0,1
15.487,-15.83,140.44,0.77,0.0,0.0,0.0,1
15.557,-15.83,140.44,0.77,0.0,0.0,0.0,1
15.627,-15.83,140.44,0.77,0.0,0.0,0.0,1
15.672,-15.83,140.44,0.77,0.0,0.0,0.0,1
15.744,-15.83,140.44,0.77,0.0,0.0,0.0,1
15.813,-15.82,140.44,0.77,0.0,0.0,0.0,1
15.885,-15.82,140.44,0.77,0.0,0.0,0.0,1
15.933,-15.82,140.44,0.77,0.0,0.0,0.0,1
16.001,-15.82,140.44,0.77,0.0,0.0,0.0,1
16.072,-15.82,140.44,0.77,0.0,0.0,0.0,1
16.141,-15.82,140.44,0.77,0.0,0.0,0.0,1
16.188,-15.82,140.44,0.77,0.0,0.0,0.0,1
16.256,-15.82,140.44,0.77,0.0,0.0,0.0,1
16.304,-15.82,140.44,0.77,0.0,0.0,0.0,1
16.394,-15.82,140.44,0.77,0.0,0.0,0.0,1
16.463,-15.82,140.44,0.77,0.0,0.0,0.0,1
16.51,-15.82,140.44,0.77,0.0,0.0,0.0,1
16.579,-15.82,140.44,0.77,0.0,0.0,0.0,1
16.649,-15.82,140.44,0.77,0.0,0.0,0.0,1
16.718,-15.82,140.44,0.77,0.0,0.0,0.0,1
16.764,-15.82,140.44,0.77,0.0,0.0,0.0,-1
16.835,-15.82,140.44,0.77,0.0,0.0,0.0,-1
16.905,-15.82,140.44,0.77,0.0,0.0,0.0,-1
16.974,-15.82,140.44,0.77,0.0,0.0,0.0,-1
17.02,-15.82,140.44,0.77,0.0,0.1,0.0,-1
17.089,-15.82,140.44,0.77,0.0,0.1,0.0,-1
17.156,-15.82,140.44,0.77,0.0,0.1,0.0,-1
17.225,-15.82,140.44,0.77,0.0,0.2,0.0,-1
17.296,-15.82,140.44,0.77,0.0,0.2,0.0,-1
17.342,-15.82,140.44,0.77,0.0,0.2,0.0,-1
17.403,-15.82,140.44,0.77,0.0,0.2,0.0,-1
17.472,-15.82,140.44,0.77,0.0,0.3,0.0,-1
17.545,-15.82,140.44,0.77,0.0,0.3,0.0,-1
17.615,-15.82,140.44,0.77,0.0,0.4,0.0,-1
17.662,-15.82,140.44,0.77,0.0,0.4,0.0,-1
17.732,-15.82,140.44,0.77,0.0,0.4,0.0,-1
17.803,-15.82,140.44,0.77,0.0,0.4,0.0,-1
17.849,-15.82,140.44,0.77,0.0,0.5,0.0,-1
17.919,-15.82,140.44,0.77,0.0,0.5,0.0,-1
17.99,-15.82,140.44,0.77,0.0,0.5,0.0,-1
18.059,-15.82,140.44,0.77,0.0,0.6,0.0,-1
18.13,-15.82,140.44,0.77,0.0,0.6,0.0,-1
18.177,-15.82,140.44,0.77,0.0,0.6,0.0,-1
18.248,-15.82,140.44,0.77,0.0,0.7,0.0,-1
18.294,-15.82,140.44,0.77,0.0,0.7,0.0,-1
18.364,-15.82,140.44,0.77,0.0,0.7,0.0,-1
18.432,-15.82,140.44,0.77,0.0,0.7,0.0,-1
18.504,-15.82,140.44,0.77,0.0,0.7,0.0,-1
18.574,-15.82,140.44,0.75,0.02,0.7,0.0,-1
18.621,-15.82,140.44,0.74,0.05,0.7,0.0,-1
18.69,-15.82,140.44,0.73,0.1,0.7,0.0,-1
18.738,-15.82,140.44,0.7,0.14,0.7,0.0,-1
18.83,-15.82,140.44,0.69,0.18,0.7,0.0,-1
18.878,-15.82,140.44,0.68,0.21,0.7,0.0,-1
18.949,-15.83,140.44,0.65,0.26,0.7,0.0,-1
19.019,-15.83,140.44,0.63,0.3,0.7,0.0,-1
19.067,-15.83,140.44,0.62,0.33,0.7,0.0,-1
19.138,-15.83,140.44,0.53,0.38,0.7,0.0,-1
19.209,-15.84,140.43,0.41,0.42,0.7,0.0,-1
19.279,-15.85,140.43,0.16,0.0,0.7,0.0,-1
19.326,-15.87,140.42,-0.11,0.0,0.7,0.0,-1
19.397,-15.89,140.41,-0.56,0.0,0.7,0.0,-1
19.444,-15.92,140.4,-1.03,0.0,0.7,0.0,-1
19.518,-15.94,140.4,-1.35,0.0,0.7,0.0,-1
19.59,-15.97,140.39,-1.8,0.03,0.7,0.0,-1
19.659,-15.99,140.38,-2.18,0.07,0.7,0.0,-1
19.706,-16.0,140.37,-2.41,0.1,0.7,0.0,-1
19.777,-16.02,140.37,-2.73,0.15,0.7,0.0,-1
19.848,-16.04,140.36,-3.02,0.19,0.7,0.0,-1
19.919,-16.05,140.36,-3.27,0.23,0.7,0.0,-1
19.966,-16.07,140.35,-3.46,0.26,0.7,0.0,-1
20.037,-16.08,140.35,-3.77,0.31,0.7,0.0,-1
20.107,-16.1,140.34,-4.06,0.35,0.7,0.0,-1
20.177,-16.12,140.33,-4.43,0.38,0.7,0.0,-1
20.223,-16.14,140.33,-4.73,0.42,0.7,0.0,-1
20.295,-16.17,140.32,-5.25,0.47,0.7,0.0,-1
20.364,-16.2,140.31,-5.86,0.51,0.7,0.0,-1
20.412,-16.23,140.3,-6.33,0.54,0.7,0.0,-1
20.483,-16.28,140.29,-7.17,0.0,0.7,0.0,-1
20.553,-16.34,140.27,-8.17,0.0,0.7,0.0,-1
20.622,-16.41,140.26,-9.26,0.0,0.7,0.0,-1
20.669,-16.45,140.25,-10.0,0.0,0.7,0.0,-1
20.74,-16.52,140.24,-11.1,0.0,0.7,0.0,-1
20.813,-16.58,140.23,-12.18,0.0,0.7,0.0,-1
20.881,-16.64,140.22,-13.15,0.0,0.7,0.0,-1
20.929,-16.68,140.21,-13.81,0.0,0.7,0.0,-1
21.0,-16.74,140.2,-14.74,0.0,0.7,0.0,-1
21.071,-16.79,140.2,-15.6,0.01,0.7,0.0,-1
21.118,-16.83,140.2,-16.13,0.04,0.7,0.0,-1
21.188,-16.87,140.19,-16.86,0.09,0.7,0.0,-1
21.258,-16.91,140.19,-17.51,0.13,0.7,0.0,-1
21.306,-16.95,140.19,-18.11,0.16,0.7,0.0,-1
21.378,-16.97,140.18,-18.52,0.21,0.7,0.0,-1
21.449,-17.01,140.18,-19.11,0.25,0.7,0.0,-1
21.521,-17.05,140.18,-19.72,0.28,0.7,0.0,-1
21.57,-17.07,140.18,-20.14,0.33,0.7,0.0,-1
21.642,-17.11,140.18,-20.81,0.37,0.7,0.0,-1
21.69,-17.15,140.18,-21.5,0.4,0.7,0.0,-1
21.76,-17.18,140.18,-22.01,0.44,0.7,0.0,-1
21.834,-17.24,140.18,-22.88,0.0,0.7,0.0,-1
21.882,-17.3,140.18,-23.85,0.0,0.7,0.0,-1
21.955,-17.34,140.18,-24.57,0.0,0.7,0.0,-1
22.026,-17.41,140.19,-25.63,0.0,0.7,0.0,-1
22.075,-17.45,140.19,-26.24,0.01,0.0,0.0,-1
22.145,-17.51,140.21,-26.73,0.05,0.0,0.0,-1
22.218,-17.56,140.23,-26.84,0.1,0.0,0.0,-1
22.288,-17.6,140.25,-26.85,0.13,0.0,0.0,-1
22.339,-17.63,140.27,-26.86,0.0,0.0,0.0,-1
22.41,-17.68,140.29,-26.86,0.0,0.0,0.0,-1
22.457,-17.72,140.31,-26.86,0.0,0.0,0.0,-1
22.53,-17.75,140.33,-26.86,0.0,0.0,0.0,-1
22.602,-17.8,140.35,-26.86,0.0,0.0,0.0,-1
22.674,-17.84,140.37,-26.86,0.0,0.0,0.0,-1
22.722,-17.87,140.39,-26.86,0.0,0.0,0.0,-1
22.794,-17.91,140.41,-26.86,0.0,0.0,0.0,-1
22.843,-17.93,140.42,-26.86,0.0,0.0,0.0,-1
22.914,-17.97,140.43,-26.93,0.0,0.1,0.0,-1
22.986,-18.0,140.45,-27.02,0.0,0.1,0.0,-1
23.059,-18.03,140.46,-27.11,0.0,0.1,0.0,-1
23.107,-18.06,140.47,-27.21,0.0,0.2,0.0,-1
23.179,-18.09,140.48,-27.37,0.0,0.2,0.0,-1
23.229,-18.11,140.49,-27.46,0.0,0.2,0.0,-1
23.301,-18.13,140.5,-27.63,0.0,0.3,0.0,-1
23.371,-18.16,140.51,-27.81,0.0,0.3,0.0,-1
23.419,-18.17,140.52,-27.93,0.0,0.3,0.0,-1
23.49,-18.2,140.52,-28.12,0.0,0.4,0.0,-1
23.562,-18.22,140.53,-28.34,0.0,0.4,0.0,-1
23.634,-18.24,140.54,-28.54,0.0,0.4,0.0,-1
23.682,-18.26,140.54,-28.66,0.03,0.5,0.0,-1
23.73,-18.27,140.55,-28.84,0.07,0.0,0.0,-1
23.826,-18.29,140.55,-28.9,0.1,0.0,0.0,-1
23.873,-18.29,140.56,-28.9,0.14,0.0,0.0,-1
23.943,-18.3,140.56,-28.9,0.19,0.0,0.0,-1
24.015,-18.31,140.57,-28.9,0.23,0.0,0.0,-1
24.064,-18.32,140.57,-28.9,0.26,0.0,0.0,-1
24.138,-18.33,140.57,-28.91,0.31,0.0,0.0,-1
24.186,-18.34,140.58,-28.91,0.34,0.0,0.0,-1
24.258,-18.35,140.59,-28.9,0.38,0.0,0.0,-1
24.306,-18.37,140.6,-28.89,0.0,0.0,0.0,-1
24.379,-18.39,140.61,-28.89,0.0,0.0,0.0,-1
24.453,-18.42,140.63,-28.89,0.0,0.0,0.0,-1
24.526,-18.45,140.64,-28.89,0.0,0.0,0.0,-1
24.575,-18.47,140.65,-28.89,0.02,0.0,0.0,-1
24.649,-18.5,140.67,-28.89,0.07,0.0,0.0,-1
24.697,-18.52,140.68,-28.89,0.1,0.0,0.0,-1
24.77,-18.54,140.69,-28.89,0.15,0.0,0.0,-1
24.816,-18.56,140.7,-28.89,0.19,0.0,0.0,-1
24.89,-18.57,140.71,-28.89,0.22,0.0,0.0,-1
24.962,-18.59,140.72,-28.89,0.27,0.0,0.0,-1
25.034,-18.61,140.73,-28.89,0.31,0.0,0.0,-1
25.104,-18.63,140.74,-28.9,0.0,0.0,0.0,-1
25.153,-18.65,140.75,-28.9,0.0,0.0,0.0,-1
25.225,-18.68,140.77,-28.9,0.0,0.0,0.0,-1
25.296,-18.71,140.79,-28.9,0.0,0.0,0.0,-1
25.345,-18.73,140.8,-28.9,0.0,0.0,0.0,-1
25.418,-18.76,140.82,-28.9,0.0,0.0,0.0,-1
25.488,-18.79,140.83,-28.9,0.0,0.0,0.0,-1
25.536,-18.81,140.84,-28.9,0.0,0.0,0.0,-1
25.606,-18.84,140.86,-28.9,0.0,0.0,0.0,-1
25.677,-18.86,140.87,-28.9,0.03,0.0,0.0,-1
25.726,-18.88,140.88,-28.9,0.06,0.0,0.0,-1
25.798,-18.9,140.89,-28.9,0.11,0.0,0.0,-1
25.87,-18.91,140.9,-28.9,0.15,0.0,0.0,-1
25.919,-18.92,140.9,-28.9,0.18,0.0,0.0,-1
25.99,-18.94,140.91,-28.9,0.23,0.0,0.0,-1
26.063,-18.95,140.92,-28.9,0.26,0.0,0.0,-1
26.111,-18.96,140.92,-28.9,0.3,0.0,0.0,-1
26.184,-18.97,140.93,-28.91,0.35,0.0,0.0,-1
26.255,-18.99,140.94,-28.89,0.39,0.0,0.0,-1
26.303,-19.0,140.95,-28.89,0.42,0.0,0.0,-1
26.374,-19.03,140.96,-28.93,0.47,0.0,0.0,-1
26.447,-19.07,140.98,-28.93,0.51,0.0,0.0,-1
26.494,-19.09,141.0,-28.93,0.54,0.0,0.0,-1
26.565,-19.14,141.02,-28.93,0.0,0.0,0.0,-1
26.64,-19.2,141.06,-28.93,0.0,0.0,0.0,-1
26.688,-19.24,141.08,-28.93,0.0,0.0,0.0,-1
26.76,-19.31,141.11,-28.93,0.0,0.0,0.0,-1
26.831,-19.37,141.15,-28.93,0.0,0.0,0.0,-1
26.879,-19.41,141.17,-28.93,0.0,0.0,0.0,-1
26.952,-19.47,141.2,-28.92,0.04,0.0,0.0,-1
27.023,-19.51,141.23,-28.92,0.08,0.0,0.0,-1
27.071,-19.54,141.25,-28.92,0.11,0.0,0.0,-1
27.144,-19.59,141.27,-28.94,0.16,0.0,0.0,-1
27.218,-19.63,141.29,-28.95,0.19,0.0,0.0,-1
27.266,-19.65,141.31,-28.95,0.24,0.0,0.0,-1
27.338,-19.69,141.33,-28.97,0.28,0.0,0.0,-1
27.385,-19.73,141.35,-28.97,0.0,0.0,0.0,-1
27.457,-19.76,141.37,-28.97,0.0,0.0,0.0,-1
27.529,-19.81,141.39,-28.97,0.0,0.0,0.0,-1
27.578,-19.84,141.41,-28.97,0.0,0.0,0.0,-1
27.652,-19.89,141.44,-28.97,0.03,0.0,0.0,-1
27.723,-19.93,141.46,-28.97,0.07,0.0,0.0,-1
27.771,-19.96,141.47,-28.97,0.0,0.0,0.0,-1
27.843,-19.99,141.49,-28.97,0.0,0.0,0.0,-1
27.915,-20.03,141.52,-28.97,0.0,0.0,0.0,-1
27.962,-20.06,141.53,-28.97,0.0,0.0,0.0,-1
28.034,-20.09,141.55,-28.97,0.0,0.0,0.0,-1
28.105,-20.13,141.57,-28.97,0.0,0.0,0.0,-1
28.177,-20.16,141.59,-28.97,0.0,0.0,0.0,-1
28.225,-20.18,141.6,-28.97,0.0,0.0,0.0,-1
28.297,-20.21,141.61,-28.97,0.0,0.0,0.0,-1
28.368,-20.24,141.63,-28.97,0.0,0.0,0.0,-1
28.417,-20.25,141.64,-28.97,0.0,0.0,0.0,-1
28.49,-20.28,141.65,-28.97,0.0,0.0,0.0,-1
28.538,-20.3,141.67,-28.97,0.0,0.0,0.0,-1
28.61,-20.32,141.67,-28.97,0.0,0.0,0.0,-1
28.681,-20.34,141.69,-28.97,0.0,0.0,0.0,-1
28.73,-20.36,141.69,-28.97,0.0,0.0,0.0,-1
28.803,-20.38,141.71,-28.97,0.0,0.0,0.0,-1
28.876,-20.4,141.72,-28.99,0.0,0.1,0.0,-1
28.924,-20.41,141.72,-29.02,0.0,0.1,0.0,-1
28.996,-20.43,141.73,-29.07,0.02,0.1,0.0,-1
29.065,-20.44,141.74,-29.12,0.06,0.2,0.0,-1
29.114,-20.45,141.74,-29.18,0.09,0.2,0.0,-1
29.186,-20.46,141.75,-29.23,0.14,0.2,0.0,-1
29.257,-20.47,141.75,-29.28,0.18,0.3,0.0,-1
29.328,-20.48,141.75,-29.35,0.22,0.3,0.0,-1
29.376,-20.49,141.76,-29.39,0.25,0.3,0.0,-1
29.447,-20.5,141.76,-29.46,0.3,0.4,0.0,-1
29.519,-20.51,141.76,-29.57,0.34,0.4,0.0,-1
29.568,-20.52,141.77,-29.67,0.37,0.4,0.0,-1
29.641,-20.54,141.77,-29.86,0.42,0.4,0.0,-1
29.713,-20.56,141.78,-30.12,0.45,0.5,0.0,-1
29.762,-20.58,141.79,-30.36,0.0,0.5,0.0,-1
29.835,-20.62,141.8,-30.82,0.0,0.5,0.0,-1
29.883,-20.65,141.81,-31.08,0.0,0.0,0.0,-1
29.958,-20.69,141.83,-31.19,0.0,0.0,0.0,-1
30.031,-20.74,141.86,-31.19,0.0,0.0,0.0,-1
30.079,-20.76,141.87,-31.19,0.0,0.0,0.0,-1
30.152,-20.8,141.9,-31.19,0.0,0.0,0.0,-1
30.223,-20.84,141.92,-31.19,0.0,0.0,0.0,-1
30.27,-20.86,141.93,-31.19,0.0,0.0,0.0,-1
30.342,-20.89,141.95,-31.19,0.0,0.0,0.0,-1
30.414,-20.93,141.97,-31.19,0.0,0.0,0.0,-1
30.462,-20.95,141.98,-31.19,0.0,0.0,0.0,-1
30.535,-20.98,142.0,-31.19,0.0,0.0,0.0,-1
30.585,-21.0,142.02,-31.19,0.03,0.0,0.0,-1
30.658,-21.02,142.03,-31.19,0.08,0.0,0.0,-1
30.733,-21.04,142.04,-31.19,0.12,0.0,0.0,-1
30.782,-21.05,142.05,-31.19,0.15,0.0,0.0,-1
30.854,-21.07,142.06,-31.19,0.2,0.0,0.0,-1
30.926,-21.08,142.07,-31.19,0.0,0.0,0.0,-1
30.974,-21.1,142.07,-31.19,0.0,0.0,0.0,-1
31.049,-21.12,142.09,-31.19,0.0,0.0,0.0,-1
31.099,-21.14,142.1,-31.19,0.0,0.0,0.0,-1
31.169,-21.16,142.11,-31.19,0.0,0.0,0.0,-1
31.241,-21.18,142.13,-31.19,0.0,0.0,0.0,-1
31.29,-21.2,142.14,-31.19,0.0,0.0,0.0,-1
31.363,-21.22,142.15,-31.23,0.03,0.1,0.0,-1
31.437,-21.23,142.16,-31.28,0.07,0.1,0.0,-1
31.485,-21.24,142.16,-31.3,0.1,0.1,0.0,-1
31.558,-21.26,142.17,-31.36,0.15,0.2,0.0,-1
31.629,-21.27,142.17,-31.42,0.19,0.2,0.0,-1
31.678,-21.28,142.18,-31.46,0.22,0.2,0.0,-1
31.751,-21.29,142.18,-31.54,0.0,0.3,0.0,-1
31.799,-21.31,142.19,-31.63,0.0,0.0,0.0,-1
31.872,-21.32,142.2,-31.64,0.0,0.0,0.0,-1
31.922,-21.34,142.21,-31.64,0.0,0.0,0.0,-1
31.995,-21.35,142.22,-31.64,0.0,0.0,0.0,-1
32.071,-21.38,142.23,-31.64,0.0,0.0,0.0,-1
32.12,-21.39,142.25,-31.64,0.0,0.0,0.0,-1
32.193,-21.41,142.25,-31.64,0.0,0.0,0.0,-1
32.266,-21.42,142.26,-31.64,0.05,0.0,0.0,-1
32.338,-21.44,142.27,-31.64,0.08,0.0,0.0,-1
32.385,-21.45,142.28,-31.64,0.12,0.0,0.0,-1
32.456,-21.46,142.28,-31.64,0.17,0.0,0.0,-1
32.527,-21.47,142.29,-31.64,0.21,0.0,0.0,-1
32.576,-21.47,142.29,-31.64,0.24,0.0,0.0,-1
32.648,-21.48,142.3,-31.64,0.29,0.0,0.0,-1
32.718,-21.49,142.3,-31.64,0.0,0.0,0.0,-1
32.767,-21.5,142.31,-31.64,0.0,0.0,0.0,-1
32.839,-21.52,142.32,-31.64,0.0,0.0,0.0,-1
32.911,-21.54,142.34,-31.64,0.0,0.0,0.0,-1
32.959,-21.56,142.35,-31.64,0.0,0.0,0.0,-1
33.031,-21.58,142.36,-31.64,0.0,0.0,0.0,-1
33.103,-21.6,142.37,-31.64,0.0,0.0,0.0,-1
33.151,-21.61,142.38,-31.64,0.0,0.0,0.0,-1
33.223,-21.63,142.39,-31.64,0.0,0.0,0.0,-1
33.296,-21.65,142.4,-31.64,0.0,0.0,0.0,-1
33.345,-21.66,142.41,-31.64,0.0,0.0,0.0,-1
33.418,-21.68,142.42,-31.64,0.0,0.0,0.0,-1
33.49,-21.69,142.43,-31.64,0.03,0.0,0.0,-1
33.538,-21.7,142.43,-31.64,0.07,0.0,0.0,-1
33.611,-21.71,142.44,-31.64,0.12,0.0,0.0,-1
33.66,-21.72,142.45,-31.64,0.0,0.0,0.0,-1
33.731,-21.73,142.45,-31.64,0.0,0.0,0.0,-1
33.779,-21.75,142.46,-31.64,0.0,0.0,0.0,-1
33.874,-21.76,142.47,-31.64,0.0,0.0,0.0,-1
33.922,-21.77,142.48,-31.64,0.0,0.0,0.0,-1
33.993,-21.78,142.48,-31.64,0.0,0.0,0.0,-1
34.064,-21.79,142.49,-31.64,0.0,0.0,0.0,-1
34.111,-21.8,142.5,-31.64,0.0,0.0,0.0,-1
34.185,-21.81,142.5,-31.64,0.0,0.0,0.0,-1
34.255,-21.82,142.51,-31.64,0.0,0.0,0.0,-1
34.303,-21.83,142.51,-31.64,0.0,0.0,0.0,-1
34.376,-21.84,142.52,-31.64,0.0,0.0,0.0,-1
34.448,-21.85,142.53,-31.64,0.02,0.0,0.0,-1
34.497,-21.85,142.53,-31.64,0.05,0.0,0.0,-1
34.546,-21.86,142.53,-31.64,0.1,0.0,0.0,-1
34.622,-21.87,142.54,-31.64,0.0,0.0,0.0,-1
34.696,-21.88,142.54,-31.64,0.0,0.0,0.0,-1
34.745,-21.88,142.55,-31.64,0.0,0.0,0.0,-1
34.817,-21.89,142.55,-31.64,0.0,0.0,0.0,-1
34.89,-21.9,142.56,-31.64,0.0,0.0,0.0,-1
34.938,-21.91,142.56,-31.64,0.0,0.0,0.0,-1
35.011,-21.91,142.56,-31.64,0.0,0.0,0.0,-1
35.085,-21.92,142.57,-31.64,0.0,0.0,0.0,-1
35.133,-21.92,142.57,-31.63,0.0,-0.1,0.0,-1
35.204,-21.93,142.58,-31.61,0.0,-0.1,0.0,-1
35.275,-21.94,142.58,-31.59,0.0,-0.1,0.0,-1
35.345,-21.94,142.58,-31.57,0.0,-0.2,0.0,-1
35.394,-21.94,142.59,-31.55,0.0,-0.2,0.0,-1
35.466,-21.95,142.59,-31.52,0.0,-0.2,0.0,-1
35.514,-21.95,142.59,-31.5,0.0,-0.3,0.0,-1
35.586,-21.96,142.6,-31.46,0.03,-0.3,0.0,-1
35.657,-21.96,142.6,-31.42,0.07,-0.3,0.0,-1
35.704,-21.96,142.6,-31.39,0.11,-0.4,0.0,-1
35.775,-21.97,142.6,-31.37,0.14,-0.4,0.0,-1
35.847,-21.97,142.61,-31.35,0.19,-0.4,0.0,-1
35.918,-21.97,142.61,-31.33,0.23,-0.5,0.0,-1
35.964,-21.97,142.61,-31.31,0.26,-0.5,0.0,-1
36.036,-21.97,142.61,-31.27,0.0,-0.5,0.0,-1
36.107,-21.98,142.62,-31.13,0.0,-0.6,0.0,-1
36.178,-21.99,142.63,-30.93,0.0,-0.6,0.0,-1
36.226,-22.0,142.64,-30.79,0.0,-0.6,0.0,-1
36.298,-22.01,142.65,-30.58,0.0,-0.6,0.0,-1
36.346,-22.02,142.66,-30.35,0.0,-0.7,0.0,-1
36.42,-22.02,142.67,-30.2,0.01,-0.7,0.0,-1
36.492,-22.03,142.68,-29.99,0.05,-0.7,0.0,-1
36.542,-22.04,142.68,-29.87,0.08,-0.7,0.0,-1
36.611,-22.04,142.69,-29.73,0.13,-0.7,0.0,-1
36.686,-22.05,142.7,-29.58,0.17,-0.7,0.0,-1
36.735,-22.05,142.7,-29.49,0.2,-0.7,0.0,-1
36.808,-22.06,142.71,-29.31,0.0,-0.7,0.0,-1
36.857,-22.07,142.72,-29.07,0.0,-0.7,0.0,-1
36.93,-22.07,142.73,-28.89,0.0,-0.7,0.0,-1
37.002,-22.08,142.74,-28.64,0.0,-0.7,0.0,-1
37.05,-22.09,142.75,-28.47,0.0,-0.7,0.0,-1
37.122,-22.1,142.76,-28.26,0.04,-0.7,0.0,-1
37.195,-22.11,142.77,-28.06,0.08,-0.7,0.0,-1
37.244,-22.11,142.78,-27.94,0.11,-0.7,0.0,-1
37.316,-22.12,142.78,-27.79,0.16,-0.7,0.0,-1
37.364,-22.12,142.79,-27.64,0.2,-0.7,0.0,-1
37.46,-22.13,142.8,-27.52,0.23,-0.7,0.0,-1
37.508,-22.13,142.8,-27.44,0.28,-0.7,0.0,-1
37.579,-22.14,142.81,-27.29,0.32,-0.7,0.0,-1
37.651,-22.14,142.81,-27.1,0.35,-0.7,0.0,-1
37.698,-22.15,142.82,-26.97,0.4,-0.7,0.0,-1
37.768,-22.16,142.83,-26.66,0.44,-0.7,0.0,-1
37.84,-22.18,142.85,-26.2,0.0,-0.7,0.0,-1
37.888,-22.2,142.87,-25.82,0.0,-0.7,0.0,-1
37.937,-22.22,142.9,-25.17,0.0,-0.7,0.0,-1
38.032,-22.25,142.93,-24.55,0.0,-0.7,0.0,-1
38.08,-22.27,142.95,-24.13,0.0,-0.7,0.0,-1
38.152,-22.29,142.97,-23.53,0.0,-0.7,0.0,-1
38.223,-22.32,143.0,-22.97,0.0,-0.7,0.0,-1
38.271,-22.34,143.01,-22.6,0.0,-0.7,0.0,-1
38.34,-22.36,143.03,-22.09,0.0,-0.7,0.0,-1
38.411,-22.38,143.06,-21.6,0.0,-0.7,0.0,-1
38.458,-22.4,143.07,-21.15,0.0,-0.7,0.0,-1
38.528,-22.41,143.09,-20.85,0.0,-0.7,0.0,-1
38.602,-22.43,143.1,-20.41,0.0,-0.7,0.0,-1
38.674,-22.45,143.12,-20.0,0.0,-0.7,0.0,-1
38.722,-22.46,143.13,-19.75,0.0,-0.7,0.0,-1
38.793,-22.48,143.15,-19.38,0.0,-0.7,0.0,-1
38.864,-22.5,143.16,-19.03,0.0,-0.7,0.0,-1
38.912,-22.51,143.17,-18.81,0.0,-0.7,0.0,-1
38.986,-22.52,143.18,-18.49,0.0,-0.7,0.0,-1
39.057,-22.54,143.19,-18.19,0.0,-0.7,0.0,-1
39.105,-22.55,143.2,-18.01,0.0,-0.7,0.0,-1
39.177,-22.56,143.21,-17.74,0.0,-0.7,0.0,-1
39.225,-22.57,143.22,-17.47,0.0,-0.7,0.0,-1
39.296,-22.58,143.23,-17.32,0.0,-0.7,0.0,-1
39.368,-22.59,143.24,-17.09,0.0,-0.7,0.0,-1
39.416,-22.6,143.24,-16.87,0.0,-0.7,0.0,-1
39.489,-22.61,143.25,-16.72,0.0,-0.7,0.0,-1
39.562,-22.62,143.26,-16.52,0.0,-0.7,0.0,-1
39.611,-22.62,143.26,-16.39,0.0,-0.7,0.0,-1
39.681,-22.63,143.27,-16.22,0.0,-0.7,0.0,-1
39.754,-22.64,143.28,-16.05,0.0,-0.7,0.0,-1
39.824,-22.65,143.28,-15.89,0.0,-0.7,0.0,-1
39.873,-22.65,143.29,-15.79,0.0,-0.7,0.0,-1
39.919,-22.66,143.29,-15.74,0.0,-0.7,0.0,-1
40.016,-22.66,143.29,-15.71,0.0,-0.7,0.0,-1
40.063,-22.66,143.29,-15.69,0.0,-0.7,0.0,-1
40.111,-22.66,143.29,-15.65,0.01,-0.7,0.0,-1
40.18,-22.66,143.29,-15.64,0.05,-0.7,0.0,-1
40.251,-22.66,143.29,-15.61,0.08,-0.7,0.0,-1
40.322,-22.66,143.29,-15.59,0.0,-0.7,0.0,-1
40.393,-22.66,143.29,-15.55,0.0,-0.7,0.0,-1
40.463,-22.67,143.3,-15.49,0.0,-0.7,0.0,-1
40.51,-22.67,143.3,-15.46,0.0,-0.7,0.0,-1
40.583,-22.67,143.3,-15.4,0.0,-0.7,0.0,-1
40.654,-22.67,143.3,-15.35,0.0,-0.7,0.0,-1
40.701,-22.68,143.3,-15.32,0.0,-0.7,0.0,-1
40.773,-22.68,143.3,-15.28,0.0,-0.7,0.0,-1
40.845,-22.68,143.3,-15.23,0.0,-0.7,0.0,-1
40.893,-22.68,143.31,-15.21,0.0,-0.7,0.0,-1
40.967,-22.68,143.31,-15.17,0.0,-0.7,0.0,-1
41.037,-22.68,143.31,-15.13,0.0,-0.7,0.0,-1
41.086,-22.69,143.31,-15.12,0.01,-0.7,0.0,-1
41.157,-22.69,143.31,-15.09,0.06,-0.7,0.0,-1
41.23,-22.69,143.31,-15.07,0.1,-0.7,0.0,-1
41.278,-22.69,143.31,-15.07,0.13,-0.7,0.0,-1
41.351,-22.69,143.31,-15.04,0.0,-0.7,0.0,-1
41.422,-22.69,143.31,-14.97,0.0,-0.7,0.0,-1
41.47,-22.7,143.32,-14.91,0.0,-0.7,0.0,-1
41.522,-22.7,143.32,-14.81,0.0,-0.7,0.0,-1
41.595,-22.7,143.32,-14.74,0.0,-0.7,0.0,-1
41.669,-22.71,143.32,-14.65,0.0,-0.7,0.0,-1
41.741,-22.71,143.33,-14.56,0.0,-0.7,0.0,-1
41.788,-22.72,143.33,-14.48,0.0,-0.7,0.0,-1
41.859,-22.72,143.33,-14.43,0.0,-0.7,0.0,-1
41.929,-22.72,143.34,-14.36,0.0,-0.7,0.0,-1
42.001,-22.73,143.34,-14.29,0.0,-0.7,0.0,-1
42.048,-22.73,143.34,-14.24,0.0,-0.7,0.0,-1
42.12,-22.73,143.34,-14.18,0.0,-0.7,0.0,-1
42.192,-22.73,143.34,-14.12,0.0,-0.7,0.0,-1
42.241,-22.74,143.34,-14.08,0.0,-0.7,0.0,-1
42.315,-22.74,143.35,-14.03,0.0,-0.7,0.0,-1
42.386,-22.74,143.35,-14.0,0.0,-0.7,0.0,-1
42.433,-22.74,143.35,-13.98,0.03,-0.7,0.0,-1
42.505,-22.74,143.35,-13.96,0.08,-0.7,0.0,-1
42.574,-22.74,143.35,-13.94,0.0,-0.7,0.0,-1
42.62,-22.74,143.35,-13.91,0.0,-0.7,0.0,-1
42.691,-22.75,143.35,-13.87,0.0,-0.7,0.0,-1
42.761,-22.75,143.35,-13.82,0.0,-0.7,0.0,-1
42.831,-22.75,143.35,-13.77,0.0,-0.7,0.0,-1
42.88,-22.75,143.36,-13.74,0.0,-0.7,0.0,-1
42.952,-22.75,143.36,-13.7,0.0,-0.7,0.0,-1
43.023,-22.76,143.36,-13.66,0.0,-0.7,0.0,-1
43.07,-22.76,143.36,-13.64,0.0,-0.7,0.0,-1
43.139,-22.76,143.36,-13.6,0.03,-0.7,0.0,-1
43.21,-22.76,143.36,-13.58,0.07,-0.7,0.0,-1
43.281,-22.76,143.36,-13.56,0.11,-0.7,0.0,-1
43.328,-22.76,143.36,-13.56,0.0,-0.7,0.0,-1
43.398,-22.76,143.36,-13.51,0.0,-0.7,0.0,-1
43.469,-22.77,143.37,-13.46,0.0,-0.7,0.0,-1
43.516,-22.77,143.37,-13.4,0.0,-0.7,0.0,-1
43.586,-22.77,143.37,-13.36,0.0,-0.7,0.0,-1
43.658,-22.77,143.37,-13.31,0.0,-0.7,0.0,-1
43.707,-22.78,143.37,-13.27,0.0,-0.7,0.0,-1
43.777,-22.78,143.37,-13.22,0.0,-0.7,0.0,-1
43.849,-22.78,143.37,-13.18,0.0,-0.7,0.0,-1
43.919,-22.78,143.38,-13.13,0.0,-0.7,0.0,-1
43.967,-22.78,143.38,-13.11,0.0,0.0,0.0,-1
44.04,-22.79,143.38,-13.1,0.0,0.0,0.0,-1
44.113,-22.79,143.38,-13.09,0.0,0.0,0.0,-1
44.161,-22.79,143.38,-13.09,0.0,0.0,0.0,-1
44.233,-22.79,143.38,-13.09,0.0,0.0,0.0,-1
44.304,-22.79,143.38,-13.09,0.0,0.0,0.0,-1
44.351,-22.79,143.38,-13.09,0.0,0.0,0.0,-1
44.422,-22.79,143.38,-13.09,0.0,0.0,0.0,-1
44.492,-22.79,143.38,-13.09,0.0,0.0,0.0,-1
44.54,-22.79,143.38,-13.09,0.0,0.0,0.0,-1
44.613,-22.79,143.38,-13.09,0.0,0.0,0.0,-1
44.685,-22.79,143.38,-13.09,0.0,0.0,0.0,-1
44.733,-22.79,143.38,-13.09,0.0,0.0,0.0,-1
44.804,-22.79,143.38,-13.09,0.0,0.0,0.0,-1
44.873,-22.79,143.38,-13.09,0.0,0.0,0.0,-1
44.943,-22.79,143.38,-13.09,0.0,0.0,0.0,-1
44.99,-22.79,143.38,-13.09,0.0,0.0,0.0,-1
45.058,-22.79,143.38,-13.09,0.0,0.0,0.0,-1
45.129,-22.79,143.38,-13.09,0.0,0.0,0.0,-1
45.197,-22.79,143.38,-13.09,0.0,0.0,0.0,-1
45.245,-22.79,143.38,-13.09,0.0,0.0,0.0,-1
45.319,-22.79,143.38,-13.09,0.0,0.0,0.0,-1
45.389,-22.79,143.38,-13.09,0.0,0.0,0.0,-1
45.458,-22.79,143.38,-13.09,0.0,0.0,0.0,-1
45.505,-22.79,143.38,-13.09,0.0,0.0,0.0,-1
45.574,-22.79,143.38,-13.09,0.0,0.0,0.0,-1
45.643,-22.79,143.38,-13.09,0.0,0.0,0.0,-1
45.713,-22.79,143.38,-13.09,0.0,0.0,0.0,-1
45.761,-22.79,143.38,-13.09,0.0,0.0,0.0,1
45.831,-22.79,143.38,-13.09,0.0,0.0,0.0,1
45.878,-22.79,143.38,-13.09,0.0,0.0,0.0,1
45.947,-22.79,143.38,-13.09,0.0,0.1,0.0,1
46.018,-22.79,143.38,-13.09,0.0,0.1,0.0,1
46.089,-22.79,143.38,-13.09,0.0,0.1,0.0,1
46.16,-22.79,143.38,-13.09,0.0,0.2,0.0,1
46.208,-22.79,143.38,-13.09,0.0,0.2,0.0,1
46.278,-22.79,143.38,-13.09,0.0,0.2,0.0,1
46.348,-22.79,143.38,-13.09,0.0,0.3,0.0,1
46.397,-22.79,143.38,-13.09,0.0,0.3,0.0,1
46.465,-22.79,143.38,-13.09,0.0,0.3,0.0,1
46.537,-22.79,143.38,-13.09,0.0,0.4,0.0,1
46.607,-22.79,143.38,-13.09,0.0,0.4,0.0,1
46.654,-22.79,143.38,-13.09,0.0,0.4,0.0,1
46.723,-22.79,143.38,-13.09,0.0,0.4,0.0,1
46.793,-22.79,143.38,-13.09,0.0,0.5,0.0,1
46.863,-22.79,143.38,-13.09,0.0,0.5,0.0,1
46.91,-22.79,143.38,-13.09,0.0,0.5,0.0,1
46.98,-22.79,143.38,-13.09,0.0,0.6,0.0,1
47.051,-22.79,143.38,-13.09,0.0,0.6,0.0,1
47.098,-22.79,143.38,-13.09,0.0,0.6,0.0,1
47.169,-22.79,143.38,-13.09,0.0,0.7,0.0,1
47.242,-22.79,143.38,-13.09,0.0,0.7,0.0,1
47.314,-22.79,143.38,-13.09,0.0,0.7,0.0,1
47.361,-22.79,143.38,-13.09,0.0,0.7,0.0,1
47.42,-22.79,143.38,-13.09,0.0,0.7,0.0,1
47.491,-22.79,143.38,-13.09,0.0,0.7,0.0,1
47.563,-22.79,143.38,-13.09,0.0,0.7,0.0,1
47.612,-22.79,143.38,-13.09,0.0,0.7,0.0,1
47.683,-22.79,143.38,-13.09,0.0,0.7,0.0,1
47.754,-22.79,143.38,-13.09,0.0,0.7,0.0,1
47.803,-22.79,143.38,-13.09,0.0,0.7,0.0,1
47.874,-22.79,143.38,-13.09,0.0,0.7,0.0,1
47.947,-22.79,143.38,-13.09,0.0,0.7,0.0,1
47.995,-22.79,143.38,-13.07,0.01,0.7,0.0,1
48.065,-22.79,143.38,-13.06,0.05,0.7,0.0,1
48.138,-22.79,143.38,-13.05,0.1,0.7,0.0,1
48.209,-22.79,143.38,-13.03,0.0,0.7,0.0,1
48.257,-22.79,143.38,-13.01,0.0,0.7,0.0,1
48.327,-22.79,143.38,-12.96,0.0,0.7,0.0,1
48.397,-22.79,143.38,-12.92,0.04,0.7,0.0,1
48.444,-22.78,143.38,-12.9,0.07,0.7,0.0,1
48.514,-22.78,143.38,-12.87,0.11,0.7,0.0,1
48.586,-22.78,143.38,-12.82,0.16,0.7,0.0,1
48.656,-22.78,143.38,-12.79,0.2,0.7,0.0,1
48.703,-22.78,143.38,-12.77,0.23,0.7,0.0,1
48.775,-22.77,143.38,-12.72,0.28,0.7,0.0,1
48.846,-22.77,143.38,-12.68,0.32,0.7,0.0,1
48.894,-22.77,143.38,-12.64,0.35,0.7,0.0,1
48.963,-22.77,143.38,-12.58,0.4,0.7,0.0,1
49.035,-22.76,143.38,-12.52,0.0,0.7,0.0,1
49.084,-22.75,143.38,-12.35,0.0,0.7,0.0,1
49.156,-22.73,143.39,-11.95,0.0,0.7,0.0,1
49.226,-22.7,143.39,-11.53,0.0,0.7,0.0,1
49.296,-22.68,143.4,-11.09,0.0,0.7,0.0,1
49.344,-22.66,143.4,-10.82,0.02,0.7,0.0,1
49.413,-22.64,143.4,-10.49,0.07,0.7,0.0,1
49.459,-22.62,143.41,-10.2,0.11,0.7,0.0,1
49.529,-22.61,143.41,-9.94,0.15,0.7,0.0,1
49.601,-22.6,143.41,-9.78,0.18,0.7,0.0,1
49.674,-22.58,143.42,-9.55,0.23,0.7,0.0,1
49.745,-22.57,143.42,-9.3,0.0,0.7,0.0,1
49.792,-22.55,143.42,-9.06,0.0,0.7,0.0,1
49.862,-22.53,143.43,-8.68,0.0,0.7,0.0,1
49.933,-22.51,143.43,-8.28,0.0,0.7,0.0,1
49.981,-22.48,143.44,-7.89,0.0,0.7,0.0,1
50.052,-22.47,143.44,-7.66,0.04,0.7,0.0,1
50.121,-22.45,143.45,-7.37,0.08,0.7,0.0,1
50.19,-22.43,143.45,-7.11,0.12,0.7,0.0,1
50.238,-22.42,143.45,-6.96,0.15,0.7,0.0,1
50.309,-22.41,143.46,-6.72,0.0,0.7,0.0,1
50.379,-22.39,143.46,-6.41,0.0,0.7,0.0,1
50.426,-22.37,143.46,-6.09,0.01,0.7,0.0,1
50.498,-22.36,143.47,-5.88,0.04,0.7,0.0,1
50.569,-22.35,143.47,-5.6,0.09,0.7,0.0,1
50.64,-22.33,143.48,-5.35,0.0,0.7,0.0,1
50.688,-22.32,143.48,-5.17,0.0,0.7,0.0,1
50.758,-22.31,143.48,-4.9,0.0,0.7,0.0,1
50.806,-22.29,143.49,-4.65,0.04,0.7,0.0,1
50.876,-22.28,143.49,-4.51,0.07,0.7,0.0,1
50.946,-22.27,143.5,-4.29,0.0,0.7,0.0,1
51.015,-22.26,143.5,-4.07,0.02,0.7,0.0,1
51.085,-22.25,143.5,-3.84,0.06,0.7,0.0,1
51.154,-22.24,143.51,-3.66,0.0,0.7,0.0,1
51.202,-22.23,143.51,-3.53,0.0,0.7,0.0,1
51.273,-22.22,143.51,-3.33,0.02,0.7,0.0,1
51.343,-22.21,143.52,-3.17,0.06,0.7,0.0,1
51.413,-22.2,143.52,-2.99,0.0,0.7,0.0,1
51.462,-22.19,143.52,-2.87,0.0,0.7,0.0,1
51.532,-22.18,143.53,-2.71,0.02,0.7,0.0,1
51.579,-22.18,143.53,-2.61,0.05,0.7,0.0,1
51.65,-22.17,143.53,-2.45,0.0,0.7,0.0,1
51.723,-22.16,143.53,-2.29,0.0,0.7,0.0,1
51.793,-22.15,143.54,-2.14,0.02,0.7,0.0,1
51.841,-22.15,143.54,-2.06,0.05,0.7,0.0,1
51.911,-22.14,143.54,-1.96,0.0,0.7,0.0,1
51.98,-22.13,143.54,-1.83,0.0,0.7,0.0,1
52.027,-22.13,143.54,-1.73,0.03,0.7,0.0,1
52.098,-22.12,143.55,-1.62,0.07,0.7,0.0,1
52.146,-22.12,143.55,-1.51,0.0,0.7,0.0,1
52.217,-22.11,143.55,-1.4,0.01,0.7,0.0,1
52.288,-22.11,143.55,-1.32,0.04,0.7,0.0,1
52.356,-22.1,143.55,-1.23,0.0,0.7,0.0,1
52.427,-22.1,143.56,-1.13,0.0,0.7,0.0,1
52.496,-22.09,143.56,-1.02,0.02,0.7,0.0,1
52.541,-22.09,143.56,-0.96,0.05,0.7,0.0,1
52.612,-22.08,143.56,-0.89,0.0,0.7,0.0,1
52.683,-22.08,143.56,-0.8,0.0,0.7,0.0,1
52.752,-22.07,143.56,-0.72,0.04,0.7,0.0,1
52.799,-22.07,143.57,-0.67,0.07,0.7,0.0,1
52.868,-22.07,143.57,-0.59,0.0,0.7,0.0,1
52.939,-22.06,143.57,-0.5,0.0,0.7,0.0,1
53.009,-22.06,143.57,-0.43,0.03,0.7,0.0,1
53.056,-22.06,143.57,-0.39,0.07,0.7,0.0,1
53.126,-22.05,143.57,-0.33,0.0,0.7,0.0,1
53.197,-22.05,143.57,-0.24,0.0,0.7,0.0,1
53.267,-22.04,143.58,-0.17,0.03,0.7,0.0,1
53.313,-22.04,143.58,-0.12,0.07,0.7,0.0,1
53.383,-22.04,143.58,-0.06,0.0,0.7,0.0,1
53.454,-22.03,143.58,0.01,0.02,0.7,0.0,1
53.5,-22.03,143.58,0.07,0.05,0.7,0.0,1
53.57,-22.03,143.58,0.11,0.0,0.7,0.0,1
53.618,-22.02,143.58,0.18,0.0,0.7,0.0,1
53.711,-22.02,143.59,0.28,0.03,0.7,0.0,1
53.758,-22.02,143.59,0.33,0.06,0.7,0.0,1
53.827,-22.01,143.59,0.4,0.0,0.7,0.0,1
53.874,-22.01,143.59,0.48,0.0,0.7,0.0,1
53.968,-22.0,143.59,0.59,0.04,0.7,0.0,1
54.015,-22.0,143.59,0.65,0.07,0.7,0.0,1
54.085,-21.99,143.6,0.73,0.0,0.7,0.0,1
54.155,-21.99,143.6,0.81,0.01,0.7,0.0,1
54.203,-21.99,143.6,0.88,0.05,0.7,0.0,1
54.272,-21.98,143.6,0.92,0.08,0.7,0.0,1
54.341,-21.98,143.6,0.99,0.0,0.7,0.0,1
54.411,-21.98,143.6,1.07,0.0,0.7,0.0,1
54.48,-21.97,143.61,1.16,0.03,0.7,0.0,1
54.527,-21.97,143.61,1.2,0.06,0.7,0.0,1
54.597,-21.96,143.61,1.27,0.0,0.7,0.0,1
54.669,-21.96,143.61,1.35,0.0,0.7,0.0,1
54.739,-21.96,143.61,1.43,0.02,0.7,0.0,1
54.785,-21.95,143.61,1.47,0.06,0.7,0.0,1
54.855,-21.95,143.61,1.53,0.0,0.7,0.0,1
54.924,-21.95,143.62,1.59,0.01,0.7,0.0,1
54.993,-21.94,143.62,1.67,0.05,0.7,0.0,1
55.039,-21.94,143.62,1.69,0.0,0.7,0.0,1
55.109,-21.94,143.62,1.75,0.0,0.7,0.0,1
55.18,-21.94,143.62,1.79,0.02,0.7,0.0,1
55.227,-21.93,143.62,1.82,0.06,0.7,0.0,1
55.296,-21.93,143.62,1.85,0.0,0.7,0.0,1
55.368,-21.93,143.62,1.91,0.0,0.7,0.0,1
55.415,-21.93,143.62,1.95,0.04,0.7,0.0,1
55.484,-21.92,143.62,2.01,0.0,0.7,0.0,1
55.554,-21.92,143.63,2.05,0.0,0.7,0.0,1
55.624,-21.92,143.63,2.09,0.0,0.0,0.0,1
55.67,-21.91,143.63,2.11,0.0,0.0,0.0,1
55.74,-21.91,143.63,2.11,0.0,0.0,0.0,1
55.809,-21.91,143.63,2.11,0.0,0.0,0.0,1
55.879,-21.91,143.63,2.11,0.03,0.0,0.0,1
55.925,-21.9,143.63,2.11,0.07,0.0,0.0,1
55.994,-21.9,143.63,2.11,0.0,0.0,0.0,1
56.064,-21.9,143.63,2.11,0.0,0.0,0.0,1
56.135,-21.89,143.63,2.11,0.0,0.0,0.0,1
56.205,-21.89,143.63,2.11,0.0,0.0,0.0,1
56.251,-21.89,143.63,2.11,0.0,0.0,0.0,1
56.321,-21.88,143.63,2.11,0.0,0.0,0.0,1
56.393,-21.88,143.63,2.11,0.0,0.0,0.0,1
56.465,-21.88,143.63,2.11,0.0,0.0,0.0,1
56.511,-21.88,143.63,2.11,0.01,0.0,0.0,1
56.581,-21.87,143.63,2.11,0.06,0.0,0.0,1
56.629,-21.87,143.63,2.11,0.0,0.0,0.0,1
56.698,-21.87,143.63,2.11,0.0,0.0,0.0,1
56.769,-21.87,143.63,2.11,0.0,0.0,0.0,1
56.839,-21.86,143.63,2.11,0.0,0.0,0.0,1
56.909,-21.86,143.63,2.11,0.0,0.0,0.0,1
56.977,-21.86,143.63,2.11,0.0,0.0,0.0,1
57.023,-21.86,143.63,2.11,0.0,0.0,0.0,1
57.093,-21.85,143.63,2.11,0.0,0.0,0.0,1
57.139,-21.85,143.63,2.11,0.0,0.0,0.0,1
57.231,-21.85,143.63,2.11,0.0,0.0,0.0,1
57.299,-21.85,143.63,2.11,0.0,0.0,0.0,1
57.347,-21.85,143.63,2.11,0.0,0.0,0.0,1
57.418,-21.84,143.63,2.11,0.0,0.0,0.0,1
57.464,-21.84,143.63,2.11,0.0,0.0,0.0,1
57.535,-21.84,143.63,2.11,0.0,0.0,0.0,1
57.606,-21.84,143.63,2.11,0.0,0.0,0.0,1
57.675,-21.84,143.63,2.11,0.0,0.0,0.0,1
57.722,-21.84,143.63,2.11,0.0,0.0,0.0,1
57.793,-21.84,143.63,2.11,0.0,0.0,0.0,1
57.862,-21.84,143.63,2.11,0.0,0.0,0.0,1
57.909,-21.84,143.63,2.11,0.0,0.0,0.0,1
58.002,-21.84,143.63,2.11,0.0,0.0,0.0,1
58.048,-21.84,143.63,2.11,0.0,0.0,0.0,1
58.117,-21.84,143.63,2.11,0.0,0.0,0.0,1
58.186,-21.84,143.63,2.11,0.0,0.0,0.0,1
58.255,-21.84,143.63,2.11,0.0,0.0,0.0,1
58.302,-21.84,143.63,2.11,0.0,0.0,0.0,1
58.374,-21.84,143.63,2.11,0.0,0.0,0.0,1
58.444,-21.84,143.63,2.11,0.0,0.0,0.0,1
58.512,-21.84,143.63,2.11,0.0,0.0,0.0,1
58.559,-21.84,143.63,2.11,0.0,0.0,0.0,1
58.63,-21.84,143.63,2.11,0.0,0.0,0.0,1
58.7,-21.84,143.63,2.11,0.0,0.0,0.0,1
58.769,-21.84,143.63,2.11,0.0,0.0,0.0,1
58.818,-21.84,143.63,2.11,0.0,0.0,0.0,1
58.888,-21.84,143.63,2.11,0.0,0.0,0.0,1
58.955,-21.84,143.63,2.11,0.0,0.0,0.0,1
59.025,-21.84,143.63,2.11,0.0,0.0,0.0,1
59.072,-21.84,143.63,2.11,0.0,0.0,0.0,1
59.142,-21.84,143.63,2.11,0.0,0.0,0.0,1
59.211,-21.84,143.63,2.11,0.0,0.0,0.0,1
59.281,-21.84,143.63,2.11,0.0,0.0,0.0,1
59.329,-21.84,143.63,2.11,0.0,0.0,0.0,1
59.378,-21.84,143.63,2.11,0.0,0.0,0.0,1
59.469,-21.84,143.63,2.11,0.0,0.0,0.0,1
59.539,-21.84,143.63,2.11,0.0,0.0,0.0,1
59.584,-21.84,143.63,2.11,0.0,0.0,0.0,1
59.655,-21.84,143.63,2.11,0.0,0.0,0.0,1
59.723,-21.84,143.63,2.11,0.0,0.0,0.0,1
59.771,-21.84,143.63,2.11,0.0,0.0,0.0,1
59.84,-21.84,143.63,2.11,0.0,0.0,0.0,1
59.909,-21.84,143.63,2.11,0.0,0.0,0.0,1
59.98,-21.84,143.63,2.11,0.0,0.0,0.0,1
60.047,-21.84,143.63,2.11,0.0,0.0,0.0,1
60.094,-21.84,143.63,2.11,0.0,0.0,0.0,1
