Time, x, y, angle, throttle, steer, brake, gear 
0.0,-25.0,139.0,0.0,0.0,0.0,0.0,1
0.08,-25.0,139.0,0.0,0.0,0.0,0.0,1
0.13,-25.0,139.0,0.0,0.0,0.0,0.0,1
0.204,-25.0,139.0,0.0,0.0,0.0,0.0,1
0.275,-25.0,139.0,0.0,0.0,0.0,0.0,1
0.321,-25.0,139.0,0.0,0.0,0.0,0.0,1
0.392,-25.0,139.0,0.0,0.0,0.0,0.0,1
0.462,-25.0,139.0,0.0,0.0,0.0,0.0,1
0.51,-25.0,139.0,0.0,0.0,0.0,0.0,1
0.581,-25.0,139.0,0.0,0.0,0.0,0.0,1
0.652,-25.0,139.0,-0.0,0.0,0.0,0.0,1
0.712,-25.0,139.0,-0.0,0.0,0.0,0.0,1
0.781,-25.0,139.0,-0.0,0.0,0.0,0.0,1
0.851,-25.0,139.0,-0.0,0.0,0.0,0.0,1
0.897,-25.0,139.0,-0.0,0.0,0.0,0.0,1
0.969,-25.0,139.0,-0.0,0.0,0.0,0.0,1
1.039,-25.0,139.0,-0.0,0.0,0.0,0.0,1
1.087,-25.0,139.0,-0.0,0.0,0.0,0.0,1
1.158,-25.0,139.0,-0.0,0.0,0.0,0.0,1
1.203,-25.0,139.0,-0.0,0.0,0.0,0.0,1
1.296,-25.0,139.0,-0.0,0.0,0.0,0.0,1
1.341,-25.0,139.0,-0.0,0.0,0.0,0.0,1
1.41,-25.0,139.0,-0.0,0.0,0.0,0.0,1
1.476,-25.0,139.0,-0.0,0.0,0.0,0.0,1
1.523,-25.0,139.0,-0.0,0.0,0.0,0.0,1
1.614,-25.0,139.0,-0.0,0.0,0.0,0.0,1
1.681,-25.0,139.0,-0.0,0.0,0.0,0.0,1
1.727,-25.0,139.0,-0.0,0.0,0.0,0.0,1
1.793,-25.0,139.0,-0.0,0.0,0.0,0.0,1
1.861,-25.0,139.0,-0.0,0.0,0.0,0.0,1
1.928,-25.0,139.0,-0.0,0.0,0.0,0.0,1
1.997,-25.0,139.0,-0.0,0.0,0.0,0.0,1
2.066,-25.0,139.0,-0.0,0.0,0.0,0.0,1
2.112,-25.0,139.0,-0.0,0.0,0.0,0.0,1
2.179,-25.0,139.0,-0.0,0.0,0.0,0.0,1
2.246,-25.0,139.0,-0.0,0.0,0.1,0.0,1
2.313,-25.0,139.0,-0.0,0.0,0.1,0.0,1
2.382,-25.0,139.0,-0.0,0.0,0.1,0.0,1
2.429,-25.0,139.0,-0.0,0.0,0.2,0.0,1
2.496,-25.0,139.0,-0.0,0.04,0.2,0.0,1
2.563,-25.0,139.0,-0.0,0.09,0.2,0.0,1
2.631,-25.0,139.0,-0.0,0.13,0.3,0.0,1
2.698,-25.0,139.0,-0.0,0.17,0.3,0.0,1
2.768,-25.0,139.0,-0.0,0.21,0.3,0.0,1
2.814,-25.0,139.0,-0.0,0.24,0.4,0.0,1
2.883,-25.0,139.0,-0.0,0.29,0.4,0.0,1
2.953,-25.0,139.0,-0.0,0.33,0.4,0.0,1
3.022,-25.0,139.0,-0.0,0.37,0.5,0.0,1
3.067,-25.0,139.0,-0.0,0.4,0.5,0.0,1
3.137,-25.0,139.0,-0.0,0.44,0.5,0.0,1
3.21,-25.0,139.0,-0.0,0.49,0.6,0.0,1
3.278,-25.0,139.0,-0.0,0.53,0.6,0.0,1
3.347,-25.0,139.0,-0.0,0.56,0.6,0.0,1
3.392,-25.0,139.0,-0.0,0.6,0.6,0.0,1
3.46,-25.0,139.0,-0.0,0.65,0.7,0.0,1
3.529,-25.0,139.0,-0.0,0.69,0.7,0.0,1
3.599,-24.99,139.0,0.16,0.0,0.7,0.0,1
3.644,-24.95,139.02,0.92,0.0,0.7,0.0,1
3.713,-24.91,139.04,1.62,0.0,0.7,0.0,1
3.783,-24.85,139.06,2.74,0.0,0.7,0.0,1
3.855,-24.78,139.09,3.91,0.0,0.7,0.0,1
3.9,-24.72,139.12,4.98,0.0,0.7,0.0,1
3.968,-24.68,139.14,5.67,0.0,0.7,0.0,1
4.037,-24.63,139.17,6.64,0.0,0.0,0.0,1
4.105,-24.57,139.19,7.22,0.0,0.0,0.0,1
4.15,-24.51,139.2,7.35,0.0,0.0,0.0,1
4.218,-24.46,139.21,7.35,0.0,0.0,0.0,1
4.287,-24.42,139.21,7.35,0.0,0.0,0.0,1
4.356,-24.38,139.22,7.35,0.05,0.0,0.0,1
4.426,-24.34,139.22,7.35,0.09,0.0,0.0,1
4.496,-24.3,139.23,7.35,0.13,0.0,0.0,1
4.542,-24.28,139.23,7.35,0.16,0.0,0.0,1
4.609,-24.25,139.23,7.35,0.2,0.0,0.0,1
4.676,-24.22,139.24,7.35,0.25,0.0,0.0,1
4.745,-24.19,139.24,7.35,0.29,0.0,0.0,1
4.792,-24.16,139.25,7.36,0.33,0.1,0.0,1
4.882,-24.12,139.25,7.44,0.36,0.1,0.0,1
4.928,-24.09,139.26,7.49,0.4,0.1,0.0,1
4.996,-24.05,139.27,7.61,0.45,0.2,0.0,1
5.067,-24.0,139.28,7.85,0.49,0.2,0.0,1
5.135,-23.94,139.29,8.15,0.53,0.2,0.0,1
5.18,-23.88,139.31,8.48,0.56,0.2,0.0,1
5.25,-23.83,139.32,8.67,0.6,0.0,0.0,1
5.32,-23.74,139.34,8.7,0.65,0.0,0.0,1
5.368,-23.64,139.35,8.7,0.69,0.0,0.0,1
5.438,-23.57,139.36,8.7,0.72,0.0,0.0,1
5.507,-23.45,139.38,8.71,0.77,0.0,0.0,1
5.553,-23.32,139.4,8.73,0.81,0.0,0.0,1
5.624,-23.18,139.42,8.74,0.85,0.0,0.0,1
5.69,-23.02,139.45,8.75,0.88,0.0,0.0,1
5.758,-22.91,139.46,8.75,0.92,0.0,0.0,1
5.826,-22.72,139.5,9.01,0.96,0.1,0.0,1
5.894,-22.5,139.54,9.51,1.0,0.1,0.0,1
5.964,-22.25,139.6,10.12,1.0,0.2,0.0,1
6.033,-21.97,139.66,10.53,1.0,0.0,0.0,1
6.079,-21.76,139.7,10.57,1.0,0.0,0.0,1
6.148,-21.42,139.76,10.58,0.0,0.0,0.0,1
6.218,-21.05,139.83,10.59,0.0,0.0,0.0,1
6.287,-20.68,139.9,10.59,0.0,0.0,0.0,1
6.332,-20.33,139.97,10.59,0.0,0.0,0.0,1
6.4,-20.1,140.01,10.59,0.0,0.0,0.0,1
6.468,-19.77,140.07,10.58,0.0,0.0,0.0,1
6.537,-19.44,140.13,10.58,0.0,0.0,0.0,1
6.606,-19.14,140.19,10.44,0.0,-0.1,0.0,1
6.675,-18.85,140.23,9.87,0.0,-0.1,0.0,1
6.721,-18.67,140.25,9.47,0.0,-0.1,0.0,1
6.789,-18.41,140.28,8.78,0.0,-0.2,0.0,1
6.833,-18.17,140.29,7.78,0.0,-0.2,0.0,1
6.924,-17.94,140.3,6.77,0.0,-0.2,0.0,1
6.992,-17.72,140.3,5.7,0.0,-0.3,0.0,1
7.037,-17.58,140.3,4.9,0.0,0.0,0.0,1
7.105,-17.39,140.31,4.47,0.0,0.0,0.0,1
7.173,-17.2,140.32,4.45,0.0,0.0,0.0,1
7.219,-17.03,140.33,4.45,0.0,0.0,0.0,1
7.312,-16.86,140.34,4.42,0.0,-0.1,0.0,1
7.357,-16.71,140.35,4.13,0.0,-0.1,0.0,1
7.425,-16.61,140.35,3.9,0.0,-0.1,0.0,1
7.492,-16.47,140.35,3.56,0.0,-0.2,0.0,1
7.56,-16.34,140.35,3.01,0.0,-0.2,0.0,1
7.626,-16.22,140.34,2.46,0.0,-0.2,0.0,1
7.695,-16.1,140.34,1.92,0.0,-0.2,0.0,1
7.74,-15.99,140.33,1.32,0.0,-0.3,0.0,1
7.808,-15.92,140.32,1.15,0.0,0.0,0.0,1
7.876,-15.82,140.32,1.15,0.0,0.0,0.0,1
7.945,-15.72,140.33,1.15,0.0,0.0,0.0,1
8.014,-15.63,140.33,1.15,0.0,0.0,0.0,1
8.06,-15.55,140.33,1.15,0.0,0.0,0.0,1
8.129,-15.5,140.33,1.14,0.0,0.0,0.6,1
8.198,-15.44,140.33,1.14,0.0,0.0,1.0,1
8.243,-15.44,140.33,1.14,0.0,0.0,0.0,1
8.334,-15.43,140.33,1.14,0.0,0.0,0.0,1
8.379,-15.42,140.33,1.14,0.0,0.0,0.0,1
8.447,-15.41,140.33,1.14,0.0,0.0,0.0,1
8.515,-15.39,140.33,1.14,0.0,0.0,0.4,1
8.581,-15.39,140.33,1.14,0.0,0.0,1.0,1
8.627,-15.39,140.33,1.14,0.0,0.0,1.0,1
8.716,-15.39,140.33,1.14,0.0,0.0,1.0,1
8.783,-15.39,140.33,1.14,0.0,0.0,1.0,1
8.851,-15.39,140.33,1.14,0.0,0.0,1.0,1
8.898,-15.39,140.33,1.14,0.0,0.0,1.0,1
8.967,-15.39,140.33,1.14,0.0,0.0,0.0,1
9.036,-15.39,140.33,1.14,0.0,0.0,0.0,1
9.081,-15.39,140.33,1.14,0.0,0.0,0.0,1
9.172,-15.39,140.33,1.14,0.0,0.0,0.0,1
9.219,-15.39,140.33,1.14,0.0,0.0,0.0,1
9.289,-15.39,140.33,1.14,0.0,0.0,0.0,1
9.335,-15.39,140.33,1.14,0.0,0.0,0.0,1
9.405,-15.39,140.33,1.14,0.0,0.0,0.0,1
9.474,-15.39,140.33,1.14,0.0,0.0,0.0,1
9.542,-15.39,140.33,1.14,0.0,0.0,0.0,1
9.586,-15.39,140.33,1.14,0.0,0.0,0.0,1
9.676,-15.39,140.33,1.14,0.0,0.0,0.0,1
9.745,-15.39,140.33,1.14,0.0,0.0,0.0,1
9.792,-15.39,140.33,1.14,0.0,0.0,0.0,-1
9.86,-15.39,140.33,1.14,0.0,0.0,0.0,-1
9.929,-15.39,140.33,1.14,0.0,0.0,0.0,-1
9.996,-15.39,140.33,1.14,0.0,0.0,0.0,-1
10.064,-15.39,140.33,1.14,0.0,0.0,0.0,-1
10.109,-15.39,140.33,1.14,0.0,0.0,0.0,-1
10.176,-15.39,140.33,1.14,0.0,0.0,0.0,-1
10.244,-15.39,140.33,1.14,0.0,0.0,0.0,-1
10.313,-15.39,140.33,1.14,0.0,0.0,0.0,-1
10.358,-15.39,140.33,1.14,0.0,0.0,0.0,-1
10.448,-15.39,140.33,1.14,0.0,0.0,0.0,-1
10.494,-15.39,140.33,1.14,0.0,0.0,0.0,-1
10.559,-15.39,140.33,1.14,0.0,0.0,0.0,-1
10.627,-15.39,140.33,1.14,0.0,0.0,0.0,-1
10.696,-15.39,140.33,1.14,0.0,0.0,0.0,-1
10.762,-15.39,140.33,1.14,0.0,0.0,0.0,-1
10.829,-15.39,140.33,1.14,0.0,0.0,0.0,-1
10.895,-15.39,140.33,1.14,0.0,0.0,0.0,-1
10.94,-15.39,140.33,1.14,0.0,0.0,0.0,-1
11.008,-15.39,140.33,1.14,0.0,0.0,0.0,-1
11.076,-15.39,140.33,1.14,0.0,0.0,0.0,-1
11.144,-15.39,140.33,1.14,0.0,0.0,0.0,-1
11.212,-15.39,140.33,1.14,0.0,0.1,0.0,-1
11.282,-15.39,140.33,1.14,0.0,0.1,0.0,-1
11.329,-15.39,140.33,1.14,0.0,0.1,0.0,-1
11.401,-15.39,140.33,1.14,0.0,0.2,0.0,-1
11.472,-15.39,140.33,1.14,0.0,0.2,0.0,-1
11.517,-15.39,140.33,1.14,0.0,0.2,0.0,-1
11.586,-15.39,140.33,1.14,0.0,0.2,0.0,-1
11.654,-15.39,140.33,1.14,0.0,0.3,0.0,-1
11.723,-15.39,140.33,1.14,0.0,0.3,0.0,-1
11.791,-15.39,140.33,1.14,0.0,0.4,0.0,-1
11.838,-15.39,140.33,1.14,0.01,0.4,0.0,-1
11.907,-15.39,140.33,1.15,0.06,0.4,0.0,-1
11.978,-15.39,140.33,1.15,0.1,0.4,0.0,-1
12.046,-15.39,140.33,1.16,0.14,0.5,0.0,-1
12.092,-15.39,140.33,1.16,0.18,0.5,0.0,-1
12.16,-15.39,140.33,1.16,0.21,0.5,0.0,-1
12.227,-15.39,140.33,1.17,0.25,0.6,0.0,-1
12.294,-15.39,140.33,1.16,0.3,0.6,0.0,-1
12.363,-15.39,140.33,1.14,0.34,0.6,0.0,-1
12.434,-15.39,140.33,1.11,0.37,0.7,0.0,-1
12.48,-15.4,140.33,1.03,0.41,0.7,0.0,-1
12.545,-15.41,140.33,0.83,0.45,0.7,0.0,-1
12.613,-15.43,140.32,0.48,0.0,0.7,0.0,-1
12.681,-15.46,140.31,0.0,0.0,0.7,0.0,-1
12.75,-15.49,140.3,-0.52,0.0,0.7,0.0,-1
12.819,-15.52,140.28,-1.05,0.0,0.7,0.0,-1
12.865,-15.54,140.28,-1.4,0.0,0.7,0.0,-1
12.936,-15.57,140.27,-1.91,0.0,0.7,0.0,-1
12.982,-15.59,140.26,-2.38,0.0,0.7,0.0,-1
13.072,-15.62,140.25,-2.82,0.0,0.7,0.0,-1
13.117,-15.64,140.24,-3.11,0.0,0.7,0.0,-1
13.185,-15.66,140.24,-3.51,0.0,0.7,0.0,-1
13.232,-15.68,140.23,-3.91,0.0,0.7,0.0,-1
13.301,-15.71,140.22,-4.3,0.0,0.7,0.0,-1
13.371,-15.73,140.22,-4.56,0.0,0.0,0.0,-1
13.441,-15.74,140.22,-4.65,0.02,0.0,0.0,-1
13.509,-15.76,140.22,-4.68,0.07,0.0,0.0,-1
13.578,-15.78,140.22,-4.68,0.11,0.0,0.0,-1
13.647,-15.79,140.22,-4.68,0.15,0.0,0.0,-1
13.693,-15.8,140.22,-4.68,0.18,0.0,0.0,-1
13.762,-15.81,140.22,-4.68,0.22,0.0,0.0,-1
13.831,-15.82,140.22,-4.69,0.27,0.0,0.0,-1
13.9,-15.82,140.22,-4.69,0.31,0.0,0.0,-1
13.968,-15.84,140.22,-4.68,0.35,0.0,0.0,-1
14.015,-15.85,140.22,-4.68,0.0,0.0,0.0,-1
14.084,-15.88,140.23,-4.68,0.0,0.0,0.0,-1
14.151,-15.91,140.23,-4.68,0.0,0.0,0.0,-1
14.219,-15.94,140.23,-4.73,0.0,0.1,0.0,-1
14.29,-15.97,140.23,-4.8,0.0,0.1,0.0,-1
14.336,-15.99,140.23,-4.85,0.0,0.1,0.0,-1
14.405,-16.01,140.23,-4.96,0.0,0.2,0.0,-1
14.45,-16.04,140.23,-5.09,0.0,0.2,0.0,-1
14.539,-16.07,140.23,-5.18,0.02,0.2,0.0,-1
14.608,-16.09,140.23,-5.3,0.0,0.3,0.0,-1
14.652,-16.11,140.23,-5.45,0.0,0.3,0.0,-1
14.721,-16.12,140.23,-5.55,0.0,0.3,0.0,-1
14.791,-16.14,140.23,-5.71,0.0,0.4,0.0,-1
14.837,-16.16,140.22,-5.89,0.0,0.4,0.0,-1
14.927,-16.18,140.22,-6.06,0.0,0.4,0.0,-1
14.974,-16.19,140.22,-6.17,0.0,0.5,0.0,-1
15.043,-16.21,140.22,-6.36,0.0,0.5,0.0,-1
15.113,-16.23,140.22,-6.55,0.0,0.5,0.0,-1
15.181,-16.24,140.21,-6.74,0.0,0.6,0.0,-1
15.251,-16.25,140.21,-6.92,0.03,0.6,0.0,-1
15.296,-16.26,140.21,-7.03,0.07,0.6,0.0,-1
15.364,-16.27,140.21,-7.19,0.12,0.7,0.0,-1
15.409,-16.28,140.2,-7.34,0.16,0.7,0.0,-1
15.499,-16.29,140.2,-7.48,0.2,0.7,0.0,-1
15.567,-16.3,140.2,-7.63,0.24,0.7,0.0,-1
15.614,-16.31,140.2,-7.73,0.27,0.7,0.0,-1
15.683,-16.32,140.2,-7.9,0.32,0.7,0.0,-1
15.754,-16.33,140.19,-8.13,0.36,0.7,0.0,-1
15.823,-16.34,140.19,-8.38,0.4,0.7,0.0,-1
15.87,-16.36,140.19,-8.57,0.43,0.7,0.0,-1
15.938,-16.38,140.18,-8.97,0.0,0.7,0.0,-1
16.006,-16.41,140.17,-9.51,0.0,0.7,0.0,-1
16.052,-16.45,140.17,-10.1,0.0,0.7,0.0,-1
16.123,-16.47,140.16,-10.51,0.0,0.7,0.0,-1
16.192,-16.51,140.15,-11.09,0.0,0.7,0.0,-1
16.26,-16.54,140.15,-11.64,0.0,0.7,0.0,-1
16.331,-16.58,140.14,-12.18,0.0,0.7,0.0,-1
16.4,-16.61,140.14,-12.69,0.0,0.7,0.0,-1
16.447,-16.63,140.14,-13.02,0.0,0.7,0.0,-1
16.515,-16.65,140.13,-13.47,0.0,0.7,0.0,-1
16.583,-16.68,140.13,-13.91,0.0,0.7,0.0,-1
16.63,-16.71,140.12,-14.33,0.0,0.7,0.0,-1
16.699,-16.73,140.12,-14.73,0.0,0.7,0.0,-1
16.769,-16.75,140.12,-14.99,0.0,0.7,0.0,-1
16.839,-16.77,140.12,-15.36,0.0,0.7,0.0,-1
16.908,-16.79,140.12,-15.7,0.0,0.7,0.0,-1
16.977,-16.81,140.11,-16.0,0.04,0.7,0.0,-1
17.023,-16.82,140.11,-16.17,0.07,0.7,0.0,-1
17.093,-16.83,140.11,-16.41,0.12,0.7,0.0,-1
17.163,-16.85,140.11,-16.61,0.16,0.7,0.0,-1
17.233,-16.86,140.11,-16.79,0.2,0.7,0.0,-1
17.281,-16.86,140.11,-16.9,0.23,0.7,0.0,-1
17.349,-16.87,140.11,-17.04,0.28,0.7,0.0,-1
17.42,-16.88,140.11,-17.19,0.32,0.7,0.0,-1
17.489,-16.89,140.11,-17.36,0.35,0.7,0.0,-1
17.535,-16.9,140.11,-17.53,0.39,0.7,0.0,-1
17.605,-16.92,140.1,-17.92,0.44,0.7,0.0,-1
17.674,-16.95,140.1,-18.36,0.48,0.7,0.0,-1
17.744,-16.99,140.1,-18.93,0.52,0.7,0.0,-1
17.792,-17.01,140.1,-19.36,0.55,0.7,0.0,-1
17.861,-17.06,140.1,-20.18,0.0,0.7,0.0,-1
17.93,-17.12,140.1,-21.09,0.0,0.7,0.0,-1
17.999,-17.18,140.1,-22.12,0.0,0.7,0.0,-1
18.044,-17.25,140.1,-23.14,0.0,0.7,0.0,-1
18.114,-17.29,140.1,-23.85,0.0,0.7,0.0,-1
18.162,-17.36,140.1,-24.89,0.0,0.7,0.0,-1
18.233,-17.42,140.11,-25.84,0.0,0.7,0.0,-1
18.325,-17.47,140.11,-26.76,0.0,0.7,0.0,-1
18.371,-17.51,140.12,-27.34,0.0,0.7,0.0,-1
18.443,-17.56,140.12,-28.21,0.0,0.7,0.0,-1
18.513,-17.61,140.13,-29.01,0.0,0.7,0.0,-1
18.56,-17.64,140.14,-29.45,0.0,0.0,0.0,-1
18.608,-17.69,140.15,-29.76,0.0,0.0,0.0,-1
18.7,-17.72,140.17,-29.78,0.0,0.0,0.0,-1
18.747,-17.76,140.19,-29.78,0.03,0.0,0.0,-1
18.819,-17.78,140.21,-29.79,0.08,0.0,0.0,-1
18.891,-17.81,140.22,-29.8,0.12,0.0,0.0,-1
18.961,-17.84,140.24,-29.79,0.16,0.0,0.0,-1
19.009,-17.86,140.25,-29.8,0.0,0.0,0.0,-1
19.081,-17.89,140.27,-29.8,0.0,0.0,0.0,-1
19.127,-17.92,140.28,-29.8,0.0,0.0,0.0,-1
19.197,-17.94,140.29,-29.8,0.0,0.0,0.0,-1
19.266,-17.96,140.31,-29.85,0.0,0.1,0.0,-1
19.313,-17.99,140.32,-29.93,0.0,0.1,0.0,-1
19.408,-18.02,140.34,-30.0,0.0,0.1,0.0,-1
19.456,-18.04,140.35,-30.07,0.0,0.2,0.0,-1
19.527,-18.06,140.36,-30.2,0.0,0.2,0.0,-1
19.599,-18.09,140.37,-30.33,0.0,0.2,0.0,-1
19.646,-18.1,140.37,-30.43,0.0,0.3,0.0,-1
19.717,-18.12,140.38,-30.59,0.0,0.3,0.0,-1
19.788,-18.15,140.39,-30.74,0.0,0.3,0.0,-1
19.859,-18.16,140.4,-30.9,0.02,0.4,0.0,-1
19.905,-18.18,140.4,-31.0,0.06,0.4,0.0,-1
19.977,-18.19,140.41,-31.14,0.11,0.4,0.0,-1
20.023,-18.2,140.41,-31.28,0.15,0.5,0.0,-1
20.094,-18.21,140.42,-31.38,0.18,0.5,0.0,-1
20.161,-18.23,140.42,-31.51,0.22,0.5,0.0,-1
20.229,-18.24,140.42,-31.65,0.27,0.6,0.0,-1
20.298,-18.25,140.43,-31.85,0.31,0.6,0.0,-1
20.369,-18.27,140.43,-32.1,0.35,0.6,0.0,-1
20.417,-18.28,140.43,-32.31,0.38,0.6,0.0,-1
20.487,-18.31,140.44,-32.68,0.0,0.7,0.0,-1
20.558,-18.34,140.45,-33.18,0.0,0.7,0.0,-1
20.605,-18.37,140.45,-33.77,0.0,0.7,0.0,-1
20.675,-18.4,140.46,-34.19,0.0,0.7,0.0,-1
20.722,-18.43,140.47,-34.8,0.0,0.7,0.0,-1
20.816,-18.47,140.48,-35.4,0.0,0.7,0.0,-1
20.864,-18.49,140.48,-35.79,0.0,0.7,0.0,-1
20.935,-18.53,140.49,-36.34,0.0,0.7,0.0,-1
21.007,-18.56,140.5,-36.87,0.0,0.7,0.0,-1
21.055,-18.58,140.5,-37.2,0.0,0.7,0.0,-1
21.124,-18.61,140.51,-37.67,0.0,0.7,0.0,-1
21.193,-18.63,140.52,-38.12,0.0,0.7,0.0,-1
21.239,-18.66,140.53,-38.53,0.0,0.7,0.0,-1
21.309,-18.67,140.53,-38.81,0.0,0.7,0.0,-1
21.378,-18.69,140.54,-39.19,0.0,0.7,0.0,-1
21.45,-18.72,140.55,-39.57,0.0,0.7,0.0,-1
21.52,-18.74,140.55,-39.93,0.0,0.7,0.0,-1
21.567,-18.75,140.56,-40.15,0.0,0.7,0.0,-1
21.638,-18.77,140.56,-40.48,0.0,0.7,0.0,-1
21.707,-18.79,140.57,-40.7,0.0,0.0,0.0,-1
21.778,-18.8,140.58,-40.78,0.0,0.0,0.0,-1
21.825,-18.81,140.59,-40.78,0.0,0.0,0.0,-1
21.872,-18.82,140.6,-40.78,0.04,0.0,0.0,-1
21.943,-18.83,140.61,-40.78,0.08,0.0,0.0,-1
22.014,-18.84,140.62,-40.78,0.11,0.0,0.0,-1
22.084,-18.85,140.62,-40.78,0.16,0.0,0.0,-1
22.155,-18.85,140.63,-40.78,0.2,0.0,0.0,-1
22.226,-18.86,140.63,-40.78,0.23,0.0,0.0,-1
22.274,-18.86,140.64,-40.78,0.27,0.0,0.0,-1
22.344,-18.87,140.64,-40.77,0.32,0.0,0.0,-1
22.414,-18.88,140.65,-40.76,0.36,0.0,0.0,-1
22.483,-18.89,140.66,-40.76,0.39,0.0,0.0,-1
22.53,-18.9,140.67,-40.76,0.43,0.0,0.0,-1
22.576,-18.92,140.69,-40.77,0.0,0.0,0.0,-1
22.673,-18.95,140.71,-40.77,0.0,0.0,0.0,-1
22.72,-18.97,140.73,-40.77,0.0,0.0,0.0,-1
22.793,-19.01,140.76,-40.77,0.0,0.0,0.0,-1
22.863,-19.03,140.78,-40.77,0.0,0.0,0.0,-1
22.933,-19.06,140.81,-40.77,0.0,0.0,0.0,-1
22.979,-19.08,140.82,-40.78,0.0,0.1,0.0,-1
23.05,-19.11,140.84,-40.86,0.0,0.1,0.0,-1
23.098,-19.13,140.86,-40.94,0.0,0.1,0.0,-1
23.169,-19.15,140.88,-40.99,0.0,0.2,0.0,-1
23.243,-19.18,140.9,-41.14,0.0,0.2,0.0,-1
23.314,-19.2,140.91,-41.27,0.0,0.2,0.0,-1
23.361,-19.21,140.92,-41.35,0.0,0.2,0.0,-1
23.434,-19.23,140.94,-41.45,0.0,0.0,0.0,-1
23.505,-19.25,140.95,-41.45,0.0,0.0,0.0,-1
23.552,-19.26,140.96,-41.45,0.0,0.0,0.0,-1
23.626,-19.28,140.98,-41.45,0.0,0.0,0.0,-1
23.698,-19.3,140.99,-41.45,0.0,0.0,0.0,-1
23.745,-19.31,141.0,-41.45,0.0,0.0,0.0,-1
23.816,-19.32,141.01,-41.45,0.04,0.0,0.0,-1
23.889,-19.33,141.03,-41.45,0.08,0.0,0.0,-1
23.934,-19.34,141.03,-41.45,0.11,0.0,0.0,-1
24.005,-19.35,141.04,-41.45,0.16,0.0,0.0,-1
24.075,-19.36,141.05,-41.45,0.2,0.0,0.0,-1
24.144,-19.36,141.05,-41.45,0.24,0.0,0.0,-1
24.192,-19.37,141.05,-41.45,0.27,0.0,0.0,-1
24.263,-19.38,141.06,-41.45,0.0,0.0,0.0,-1
24.334,-19.39,141.07,-41.45,0.0,0.0,0.0,-1
24.38,-19.4,141.08,-41.45,0.0,0.0,0.0,-1
24.45,-19.42,141.1,-41.45,0.0,0.0,0.0,-1
24.522,-19.44,141.12,-41.45,0.0,0.0,0.0,-1
24.593,-19.46,141.13,-41.45,0.0,0.0,0.0,-1
24.64,-19.47,141.14,-41.45,0.0,0.0,0.0,-1
24.712,-19.48,141.16,-41.45,0.05,0.0,0.0,-1
24.784,-19.5,141.17,-41.45,0.09,0.0,0.0,-1
24.832,-19.51,141.18,-41.45,0.12,0.0,0.0,-1
24.902,-19.52,141.19,-41.45,0.17,0.0,0.0,-1
24.975,-19.53,141.19,-41.45,0.21,0.0,0.0,-1
25.023,-19.53,141.2,-41.45,0.24,0.0,0.0,-1
25.093,-19.54,141.21,-41.45,0.29,0.0,0.0,-1
25.165,-19.55,141.21,-41.45,0.33,0.0,0.0,-1
25.236,-19.56,141.23,-41.44,0.0,0.0,0.0,-1
25.284,-19.57,141.24,-41.44,0.0,0.0,0.0,-1
25.357,-19.6,141.26,-41.44,0.0,0.0,0.0,-1
25.404,-19.61,141.27,-41.44,0.0,0.0,0.0,-1
25.474,-19.63,141.29,-41.44,0.0,0.0,0.0,-1
25.546,-19.65,141.31,-41.44,0.0,0.0,0.0,-1
25.617,-19.67,141.33,-41.44,0.0,0.0,0.0,-1
25.662,-19.69,141.34,-41.44,0.0,0.0,0.0,-1
25.732,-19.7,141.35,-41.44,0.0,0.0,0.0,-1
25.803,-19.72,141.37,-41.4,0.0,-0.1,0.0,-1
25.873,-19.74,141.38,-41.35,0.0,-0.1,0.0,-1
25.921,-19.75,141.39,-41.32,0.0,0.0,0.0,-1
25.969,-19.76,141.41,-41.32,0.0,0.0,0.0,-1
26.065,-19.78,141.42,-41.32,0.0,0.0,0.0,-1
26.112,-19.79,141.43,-41.32,0.0,0.0,0.0,-1
26.16,-19.8,141.44,-41.32,0.0,0.0,0.0,-1
26.256,-19.81,141.45,-41.32,0.0,0.0,0.0,-1
26.302,-19.82,141.46,-41.32,0.01,0.0,0.0,-1
26.373,-19.83,141.47,-41.32,0.06,0.0,0.0,-1
26.445,-19.84,141.48,-41.32,0.1,0.0,0.0,-1
26.515,-19.85,141.48,-41.32,0.13,0.0,0.0,-1
26.561,-19.85,141.49,-41.32,0.17,0.0,0.0,-1
26.608,-19.86,141.49,-41.33,0.22,0.0,0.0,-1
26.705,-19.86,141.5,-41.33,0.0,0.0,0.0,-1
26.753,-19.87,141.5,-41.33,0.0,0.0,0.0,-1
26.824,-19.88,141.51,-41.33,0.0,0.0,0.0,-1
26.894,-19.9,141.53,-41.33,0.0,0.0,0.0,-1
26.94,-19.91,141.53,-41.33,0.0,0.0,0.0,-1
27.01,-19.92,141.55,-41.33,0.0,0.0,0.0,-1
27.073,-19.93,141.56,-41.3,0.0,-0.1,0.0,-1
27.143,-19.94,141.57,-41.26,0.0,-0.1,0.0,-1
27.215,-19.96,141.58,-41.22,0.0,-0.1,0.0,-1
27.261,-19.96,141.59,-41.18,0.0,-0.2,0.0,-1
27.33,-19.97,141.6,-41.11,0.0,-0.2,0.0,-1
27.377,-19.98,141.61,-41.04,0.0,-0.2,0.0,-1
27.471,-19.99,141.62,-40.97,0.0,-0.3,0.0,-1
27.518,-20.0,141.63,-40.91,0.0,-0.3,0.0,-1
27.592,-20.01,141.64,-40.82,0.0,-0.3,0.0,-1
27.664,-20.01,141.64,-40.73,0.0,-0.4,0.0,-1
27.712,-20.02,141.65,-40.66,0.0,-0.4,0.0,-1
27.76,-20.02,141.66,-40.57,0.0,-0.4,0.0,-1
27.854,-20.03,141.67,-40.47,0.02,-0.5,0.0,-1
27.899,-20.03,141.67,-40.41,0.05,-0.5,0.0,-1
27.969,-20.04,141.68,-40.33,0.09,-0.5,0.0,-1
28.042,-20.04,141.68,-40.25,0.0,0.0,0.0,-1
28.112,-20.05,141.69,-40.24,0.0,0.0,0.0,-1
28.16,-20.05,141.69,-40.23,0.0,0.0,0.0,-1
28.23,-20.06,141.7,-40.24,0.04,0.0,0.0,-1
28.3,-20.07,141.7,-40.24,0.08,0.0,0.0,-1
28.369,-20.07,141.71,-40.24,0.12,0.0,0.0,-1
28.415,-20.08,141.71,-40.24,0.15,0.0,0.0,-1
28.484,-20.08,141.72,-40.24,0.2,0.0,0.0,-1
28.554,-20.09,141.72,-40.23,0.24,0.0,0.0,-1
28.624,-20.09,141.72,-40.24,0.28,0.0,0.0,-1
28.669,-20.09,141.73,-40.25,0.31,0.0,0.0,-1
28.741,-20.1,141.73,-40.24,0.36,0.0,0.0,-1
28.812,-20.1,141.74,-40.22,0.4,0.0,0.0,-1
28.859,-20.12,141.75,-40.23,0.43,0.0,0.0,-1
28.931,-20.13,141.76,-40.21,0.48,0.0,0.0,-1
28.999,-20.15,141.78,-40.2,0.0,0.0,0.0,-1
29.047,-20.18,141.8,-40.2,0.0,0.0,0.0,-1
29.119,-20.21,141.82,-40.2,0.0,0.0,0.0,-1
29.193,-20.24,141.85,-40.2,0.0,0.0,0.0,-1
29.239,-20.27,141.88,-40.2,0.0,0.0,0.0,-1
29.309,-20.29,141.9,-40.2,0.0,0.0,0.0,-1
29.382,-20.32,141.92,-40.2,0.0,0.0,0.0,-1
29.457,-20.35,141.95,-40.2,0.0,0.0,0.0,-1
29.504,-20.37,141.96,-40.17,0.0,-0.1,0.0,-1
29.575,-20.4,141.99,-40.09,0.0,-0.1,0.0,-1
29.646,-20.42,142.01,-40.01,0.0,-0.1,0.0,-1
29.691,-20.44,142.02,-39.94,0.0,-0.2,0.0,-1
29.76,-20.46,142.04,-39.8,0.0,-0.2,0.0,-1
29.829,-20.47,142.06,-39.68,0.0,-0.2,0.0,-1
29.899,-20.49,142.08,-39.53,0.0,-0.3,0.0,-1
29.969,-20.51,142.1,-39.36,0.0,-0.3,0.0,-1
30.017,-20.52,142.11,-39.25,0.0,-0.3,0.0,-1
30.091,-20.54,142.13,-39.08,0.0,-0.4,0.0,-1
30.162,-20.55,142.15,-38.89,0.0,-0.4,0.0,-1
30.211,-20.56,142.16,-38.76,0.0,-0.4,0.0,-1
30.282,-20.57,142.17,-38.58,0.0,-0.5,0.0,-1
30.353,-20.58,142.19,-38.37,0.0,-0.5,0.0,-1
30.4,-20.59,142.2,-38.24,0.0,-0.5,0.0,-1
30.473,-20.6,142.21,-38.04,0.0,-0.6,0.0,-1
30.543,-20.61,142.22,-37.84,0.02,-0.6,0.0,-1
30.612,-20.61,142.23,-37.67,0.05,-0.6,0.0,-1
30.659,-20.62,142.24,-37.57,0.1,-0.6,0.0,-1
30.705,-20.62,142.25,-37.41,0.14,-0.7,0.0,-1
30.774,-20.63,142.26,-37.28,0.18,-0.7,0.0,-1
30.847,-20.63,142.26,-37.18,0.0,-0.7,0.0,-1
30.92,-20.64,142.27,-36.95,0.0,-0.7,0.0,-1
30.99,-20.65,142.29,-36.71,0.0,-0.7,0.0,-1
31.035,-20.65,142.29,-36.55,0.0,-0.7,0.0,-1
31.105,-20.66,142.31,-36.32,0.0,-0.7,0.0,-1
31.178,-20.67,142.32,-36.08,0.0,-0.7,0.0,-1
31.227,-20.67,142.33,-35.86,0.0,-0.7,0.0,-1
31.296,-20.68,142.34,-35.72,0.0,-0.7,0.0,-1
31.367,-20.69,142.35,-35.52,0.0,-0.7,0.0,-1
31.436,-20.69,142.36,-35.33,0.0,-0.7,0.0,-1
31.484,-20.7,142.36,-35.21,0.0,-0.7,0.0,-1
31.557,-20.7,142.37,-35.02,0.0,-0.7,0.0,-1
31.605,-20.71,142.38,-34.86,0.0,-0.7,0.0,-1
31.676,-20.71,142.39,-34.75,0.0,-0.7,0.0,-1
31.746,-20.72,142.39,-34.6,0.0,-0.7,0.0,-1
31.817,-20.72,142.4,-34.46,0.0,-0.7,0.0,-1
31.888,-20.73,142.41,-34.32,0.0,-0.7,0.0,-1
31.935,-20.73,142.41,-34.23,0.0,-0.7,0.0,-1
32.005,-20.73,142.42,-34.12,0.0,-0.7,0.0,-1
32.075,-20.73,142.42,-34.11,0.0,-0.7,0.0,-1
32.144,-20.73,142.42,-34.09,0.0,-0.7,0.0,-1
32.19,-20.73,142.42,-34.07,0.0,-0.7,0.0,-1
32.261,-20.74,142.42,-34.04,0.0,-0.7,0.0,-1
32.331,-20.74,142.42,-34.04,0.0,-0.7,0.0,-1
32.379,-20.74,142.42,-34.03,0.03,-0.7,0.0,-1
32.448,-20.74,142.42,-33.99,0.07,-0.7,0.0,-1
32.522,-20.74,142.43,-33.94,0.0,0.0,0.0,-1
32.592,-20.74,142.43,-33.91,0.0,0.0,0.0,-1
32.639,-20.74,142.43,-33.91,0.0,0.0,0.0,-1
32.708,-20.75,142.43,-33.91,0.0,0.0,0.0,-1
32.778,-20.75,142.43,-33.9,0.04,0.0,0.0,-1
32.847,-20.75,142.44,-33.9,0.08,0.0,0.0,-1
32.894,-20.75,142.44,-33.9,0.11,0.0,0.0,-1
32.965,-20.76,142.44,-33.89,0.16,0.0,0.0,-1
33.035,-20.76,142.44,-33.9,0.2,0.0,0.0,-1
33.104,-20.76,142.44,-33.89,0.24,0.0,0.0,-1
33.151,-20.76,142.44,-33.9,0.0,0.0,0.0,-1
33.219,-20.77,142.45,-33.9,0.0,0.0,0.0,-1
33.266,-20.78,142.46,-33.9,0.0,0.0,0.0,-1
33.36,-20.79,142.46,-33.9,0.0,0.0,0.0,-1
33.405,-20.8,142.47,-33.9,0.0,0.0,0.0,-1
33.474,-20.81,142.47,-33.89,0.0,-0.1,0.0,-1
33.541,-20.81,142.48,-33.87,0.0,-0.1,0.0,-1
33.614,-20.82,142.49,-33.84,0.0,-0.1,0.0,-1
33.663,-20.83,142.49,-33.82,0.0,-0.2,0.0,-1
33.733,-20.84,142.5,-33.78,0.0,-0.2,0.0,-1
33.803,-20.84,142.5,-33.74,0.01,-0.2,0.0,-1
33.873,-20.85,142.51,-33.69,0.05,-0.3,0.0,-1
33.919,-20.85,142.51,-33.66,0.08,-0.3,0.0,-1
33.993,-20.86,142.51,-33.63,0.13,-0.3,0.0,-1
34.04,-20.86,142.52,-33.59,0.17,-0.4,0.0,-1
34.132,-20.86,142.52,-33.56,0.2,-0.4,0.0,-1
34.179,-20.87,142.52,-33.54,0.24,-0.4,0.0,-1
34.25,-20.87,142.52,-33.51,0.29,-0.4,0.0,-1
34.298,-20.87,142.53,-33.42,0.33,-0.5,0.0,-1
34.368,-20.88,142.53,-33.36,0.36,-0.5,0.0,-1
34.442,-20.88,142.54,-33.24,0.0,-0.5,0.0,-1
34.51,-20.9,142.56,-32.98,0.0,-0.6,0.0,-1
34.579,-20.91,142.58,-32.62,0.0,-0.6,0.0,-1
34.628,-20.92,142.59,-32.35,0.0,-0.6,0.0,-1
34.676,-20.94,142.62,-31.92,0.0,-0.7,0.0,-1
34.749,-20.95,142.63,-31.61,0.0,-0.7,0.0,-1
34.822,-20.97,142.65,-31.16,0.0,-0.7,0.0,-1
34.87,-20.99,142.67,-30.75,0.0,-0.7,0.0,-1
34.939,-21.0,142.69,-30.36,0.0,-0.7,0.0,-1
35.009,-21.01,142.7,-30.11,0.0,-0.7,0.0,-1
35.079,-21.02,142.72,-29.76,0.0,-0.7,0.0,-1
35.149,-21.04,142.74,-29.42,0.0,-0.7,0.0,-1
35.219,-21.05,142.75,-29.1,0.0,-0.7,0.0,-1
35.265,-21.06,142.76,-28.89,0.0,-0.7,0.0,-1
35.334,-21.07,142.78,-28.6,0.0,-0.7,0.0,-1
35.38,-21.08,142.79,-28.32,0.0,-0.7,0.0,-1
35.474,-21.09,142.8,-28.06,0.0,-0.7,0.0,-1
35.52,-21.1,142.81,-27.89,0.0,-0.7,0.0,-1
35.593,-21.11,142.82,-27.63,0.0,-0.7,0.0,-1
35.642,-21.12,142.83,-27.4,0.0,-0.7,0.0,-1
35.71,-21.12,142.84,-27.26,0.0,-0.7,0.0,-1
35.78,-21.13,142.85,-27.05,0.0,-0.7,0.0,-1
35.85,-21.14,142.86,-26.85,0.0,-0.7,0.0,-1
35.921,-21.15,142.87,-26.65,0.0,-0.7,0.0,-1
35.968,-21.15,142.87,-26.55,0.03,-0.7,0.0,-1
36.036,-21.16,142.88,-26.39,0.08,-0.7,0.0,-1
36.107,-21.17,142.88,-26.25,0.12,-0.7,0.0,-1
36.177,-21.17,142.89,-26.12,0.16,-0.7,0.0,-1
36.226,-21.17,142.89,-26.04,0.0,-0.7,0.0,-1
36.297,-21.18,142.9,-25.85,0.0,-0.7,0.0,-1
36.368,-21.19,142.91,-25.64,0.0,-0.7,0.0,-1
36.414,-21.2,142.92,-25.5,0.0,-0.7,0.0,-1
36.486,-21.21,142.93,-25.29,0.0,-0.7,0.0,-1
36.533,-21.21,142.94,-25.09,0.0,-0.7,0.0,-1
36.605,-21.22,142.94,-24.96,0.0,-0.7,0.0,-1
36.675,-21.23,142.95,-24.77,0.0,-0.7,0.0,-1
36.744,-21.23,142.96,-24.6,0.0,-0.7,0.0,-1
36.813,-21.24,142.97,-24.44,0.0,-0.7,0.0,-1
36.882,-21.25,142.97,-24.29,0.0,-0.7,0.0,-1
36.927,-21.25,142.98,-24.2,0.0,-0.7,0.0,-1
36.995,-21.26,142.98,-24.06,0.0,-0.7,0.0,-1
37.066,-21.26,142.99,-23.93,0.0,-0.7,0.0,-1
37.135,-21.27,142.99,-23.81,0.0,-0.7,0.0,-1
37.182,-21.27,143.0,-23.73,0.0,-0.7,0.0,-1
37.251,-21.28,143.0,-23.63,0.04,-0.7,0.0,-1
37.299,-21.28,143.01,-23.52,0.09,-0.7,0.0,-1
37.37,-21.28,143.01,-23.46,0.0,-0.7,0.0,-1
37.438,-21.29,143.01,-23.35,0.0,-0.7,0.0,-1
37.507,-21.29,143.02,-23.24,0.0,-0.7,0.0,-1
37.578,-21.3,143.02,-23.13,0.0,-0.7,0.0,-1
37.647,-21.3,143.03,-23.03,0.03,-0.7,0.0,-1
37.693,-21.31,143.03,-22.97,0.06,-0.7,0.0,-1
37.763,-21.31,143.03,-22.9,0.0,-0.7,0.0,-1
37.808,-21.31,143.04,-22.82,0.0,-0.7,0.0,-1
37.899,-21.32,143.04,-22.72,0.0,-0.7,0.0,-1
37.946,-21.32,143.04,-22.62,0.01,-0.7,0.0,-1
38.018,-21.32,143.05,-22.54,0.04,-0.7,0.0,-1
38.09,-21.33,143.05,-22.43,0.09,-0.7,0.0,-1
38.137,-21.33,143.06,-22.34,0.0,-0.7,0.0,-1
38.229,-21.34,143.06,-22.24,0.0,-0.7,0.0,-1
38.276,-21.34,143.06,-22.16,0.05,-0.7,0.0,-1
38.347,-21.35,143.07,-22.03,0.09,-0.7,0.0,-1
38.417,-21.35,143.07,-21.93,0.0,-0.7,0.0,-1
38.462,-21.35,143.08,-21.82,0.0,-0.7,0.0,-1
38.531,-21.36,143.08,-21.74,0.02,-0.7,0.0,-1
38.577,-21.36,143.08,-21.63,0.06,-0.7,0.0,-1
38.67,-21.37,143.09,-21.5,0.1,-0.7,0.0,-1
38.717,-21.37,143.09,-21.43,0.13,-0.7,0.0,-1
38.785,-21.38,143.1,-21.32,0.17,-0.7,0.0,-1
38.831,-21.38,143.1,-21.2,0.22,-0.7,0.0,-1
38.923,-21.39,143.11,-21.07,0.0,-0.7,0.0,-1
38.993,-21.39,143.11,-20.88,0.0,-0.7,0.0,-1
39.039,-21.4,143.12,-20.74,0.0,-0.7,0.0,-1
39.11,-21.41,143.13,-20.52,0.0,-0.7,0.0,-1
39.18,-21.42,143.14,-20.31,0.0,-0.7,0.0,-1
39.25,-21.43,143.15,-20.11,0.0,-0.7,0.0,-1
39.299,-21.44,143.15,-19.97,0.0,-0.7,0.0,-1
39.369,-21.44,143.16,-19.78,0.0,-0.7,0.0,-1
39.416,-21.45,143.17,-19.61,0.0,-0.7,0.0,-1
39.488,-21.46,143.17,-19.49,0.0,-0.7,0.0,-1
39.557,-21.47,143.18,-19.33,0.0,-0.7,0.0,-1
39.628,-21.47,143.18,-19.18,0.0,-0.7,0.0,-1
39.675,-21.48,143.19,-19.08,0.0,-0.7,0.0,-1
39.744,-21.48,143.19,-18.95,0.0,-0.7,0.0,-1
39.813,-21.49,143.2,-18.82,0.0,-0.7,0.0,-1
39.882,-21.49,143.2,-18.7,0.0,-0.7,0.0,-1
39.951,-21.5,143.21,-18.59,0.0,-0.7,0.0,-1
40.0,-21.5,143.21,-18.51,0.0,-0.7,0.0,-1
40.069,-21.51,143.21,-18.45,0.0,-0.7,0.0,-1
40.139,-21.51,143.21,-18.44,0.0,-0.7,0.0,-1
40.209,-21.51,143.21,-18.44,0.0,-0.7,0.0,-1
40.253,-21.51,143.21,-18.44,0.0,-0.7,0.0,-1
40.322,-21.51,143.21,-18.44,0.0,-0.7,0.0,-1
40.391,-21.51,143.21,-18.44,0.0,-0.7,0.0,-1
40.459,-21.51,143.21,-18.44,0.0,-0.7,0.0,-1
40.528,-21.51,143.21,-18.43,0.01,-0.7,0.0,-1
40.575,-21.51,143.21,-18.42,0.04,-0.7,0.0,-1
40.645,-21.51,143.21,-18.39,0.0,-0.7,0.0,-1
40.691,-21.51,143.21,-18.36,0.0,-0.7,0.0,-1
40.783,-21.51,143.21,-18.35,0.02,-0.7,0.0,-1
40.831,-21.51,143.21,-18.35,0.05,-0.7,0.0,-1
40.899,-21.51,143.21,-18.34,0.0,-0.7,0.0,-1
40.968,-21.51,143.22,-18.31,0.0,-0.7,0.0,-1
41.036,-21.51,143.22,-18.29,0.04,-0.7,0.0,-1
41.105,-21.51,143.22,-18.27,0.0,-0.7,0.0,-1
41.151,-21.52,143.22,-18.25,0.0,-0.7,0.0,-1
41.221,-21.52,143.22,-18.19,0.03,-0.7,0.0,-1
41.29,-21.52,143.22,-18.15,0.07,-0.7,0.0,-1
41.359,-21.52,143.22,-18.1,0.0,-0.7,0.0,-1
41.405,-21.52,143.22,-18.06,0.0,-0.7,0.0,-1
41.474,-21.53,143.23,-18.0,0.01,-0.7,0.0,-1
41.544,-21.53,143.23,-17.91,0.05,-0.7,0.0,-1
41.592,-21.53,143.23,-17.84,0.09,-0.7,0.0,-1
41.681,-21.54,143.23,-17.77,0.12,-0.7,0.0,-1
41.727,-21.54,143.24,-17.74,0.16,-0.7,0.0,-1
41.797,-21.54,143.24,-17.7,0.21,-0.7,0.0,-1
41.868,-21.54,143.24,-17.64,0.25,-0.7,0.0,-1
41.936,-21.54,143.24,-17.61,0.29,-0.7,0.0,-1
41.983,-21.54,143.24,-17.59,0.0,-0.7,0.0,-1
42.054,-21.55,143.25,-17.42,0.0,-0.7,0.0,-1
42.102,-21.56,143.26,-17.15,0.0,-0.7,0.0,-1
42.172,-21.58,143.27,-16.88,0.0,-0.7,0.0,-1
42.241,-21.59,143.27,-16.7,0.0,-0.7,0.0,-1
42.311,-21.6,143.29,-16.43,0.0,-0.7,0.0,-1
42.358,-21.61,143.29,-16.16,0.0,-0.7,0.0,-1
42.429,-21.62,143.3,-16.0,0.0,-0.7,0.0,-1
42.498,-21.63,143.31,-15.76,0.0,-0.7,0.0,-1
42.57,-21.64,143.32,-15.53,0.0,-0.7,0.0,-1
42.641,-21.65,143.33,-15.31,0.0,-0.7,0.0,-1
42.685,-21.66,143.33,-15.18,0.0,-0.7,0.0,-1
42.754,-21.67,143.34,-14.99,0.0,-0.7,0.0,-1
42.824,-21.68,143.34,-14.8,0.0,-0.7,0.0,-1
42.87,-21.69,143.35,-14.63,0.0,-0.7,0.0,-1
42.942,-21.69,143.36,-14.52,0.0,-0.7,0.0,-1
43.01,-21.7,143.36,-14.37,0.01,-0.7,0.0,-1
43.073,-21.71,143.37,-14.23,0.05,-0.7,0.0,-1
43.144,-21.71,143.37,-14.1,0.1,-0.7,0.0,-1
43.189,-21.72,143.37,-14.0,0.14,-0.7,0.0,-1
43.281,-21.72,143.38,-13.91,0.18,-0.7,0.0,-1
43.328,-21.73,143.38,-13.85,0.21,-0.7,0.0,-1
43.395,-21.73,143.38,-13.77,0.26,-0.7,0.0,-1
43.465,-21.73,143.38,-13.71,0.0,-0.7,0.0,-1
43.532,-21.74,143.39,-13.55,0.0,-0.7,0.0,-1
43.579,-21.75,143.4,-13.29,0.0,-0.7,0.0,-1
43.649,-21.76,143.4,-13.1,0.0,-0.7,0.0,-1
43.718,-21.78,143.41,-12.82,0.0,-0.7,0.0,-1
43.787,-21.79,143.42,-12.54,0.0,-0.7,0.0,-1
43.832,-21.8,143.43,-12.29,0.0,-0.7,0.0,-1
43.923,-21.82,143.44,-12.04,0.0,-0.7,0.0,-1
43.969,-21.83,143.45,-11.88,0.0,-0.7,0.0,-1
44.037,-21.84,143.45,-11.66,0.0,-0.7,0.0,-1
44.082,-21.85,143.46,-11.44,0.0,-0.7,0.0,-1
44.175,-21.86,143.47,-11.23,0.0,-0.7,0.0,-1
44.22,-21.87,143.47,-11.04,0.0,-0.7,0.0,-1
44.289,-21.88,143.48,-10.92,0.0,-0.7,0.0,-1
44.356,-21.88,143.48,-10.74,0.0,-0.7,0.0,-1
44.427,-21.89,143.49,-10.57,0.0,-0.7,0.0,-1
44.474,-21.9,143.49,-10.46,0.0,-0.7,0.0,-1
44.545,-21.91,143.5,-10.3,0.0,-0.7,0.0,-1
44.593,-21.91,143.5,-10.15,0.0,-0.7,0.0,-1
44.688,-21.92,143.51,-10.01,0.0,-0.7,0.0,-1
44.736,-21.92,143.51,-9.99,0.0,-0.7,0.0,-1
44.809,-21.92,143.51,-9.96,0.0,-0.7,0.0,-1
44.876,-21.93,143.51,-9.93,0.0,-0.7,0.0,-1
44.943,-21.93,143.51,-9.89,0.0,-0.7,0.0,-1
44.991,-21.93,143.51,-9.87,0.0,-0.7,0.0,-1
45.06,-21.93,143.51,-9.83,0.0,-0.7,0.0,-1
45.106,-21.93,143.51,-9.81,0.0,-0.7,0.0,-1
45.199,-21.93,143.51,-9.81,0.0,-0.7,0.0,-1
45.246,-21.93,143.51,-9.81,0.0,-0.7,0.0,-1
45.316,-21.93,143.51,-9.81,0.0,-0.7,0.0,-1
45.384,-21.93,143.51,-9.81,0.0,-0.7,0.0,-1
45.452,-21.93,143.51,-9.81,0.0,-0.7,0.0,-1
45.521,-21.93,143.51,-9.81,0.0,-0.7,0.0,-1
45.566,-21.93,143.51,-9.81,0.0,-0.7,0.0,-1
45.634,-21.93,143.51,-9.81,0.0,-0.7,0.0,-1
45.681,-21.93,143.51,-9.81,0.0,-0.7,0.0,-1
45.749,-21.93,143.51,-9.81,0.0,-0.7,0.0,-1
45.817,-21.93,143.51,-9.81,0.0,-0.7,0.0,-1
45.883,-21.93,143.51,-9.81,0.0,-0.7,0.0,-1
45.953,-21.93,143.51,-9.81,0.0,-0.7,0.0,-1
46.023,-21.93,143.51,-9.81,0.0,-0.7,0.0,-1
46.069,-21.93,143.51,-9.81,0.0,-0.7,0.0,-1
46.161,-21.93,143.51,-9.81,0.0,-0.7,0.0,-1
46.207,-21.93,143.51,-9.81,0.0,-0.7,0.0,-1
46.277,-21.93,143.51,-9.8,0.02,-0.7,0.0,-1
46.349,-21.93,143.51,-9.78,0.06,-0.7,0.0,-1
46.396,-21.94,143.51,-9.76,0.09,-0.7,0.0,-1
46.464,-21.94,143.51,-9.73,0.13,-0.7,0.0,-1
46.532,-21.94,143.52,-9.69,0.18,-0.7,0.0,-1
46.6,-21.94,143.52,-9.64,0.0,-0.7,0.0,-1
46.667,-21.95,143.52,-9.54,0.0,-0.7,0.0,-1
46.736,-21.95,143.52,-9.42,0.0,-0.7,0.0,-1
46.781,-21.96,143.53,-9.3,0.0,-0.7,0.0,-1
46.85,-21.96,143.53,-9.21,0.0,-0.7,0.0,-1
46.919,-21.97,143.53,-9.09,0.0,-0.7,0.0,-1
46.987,-21.97,143.54,-8.98,0.0,-0.7,0.0,-1
47.056,-21.98,143.54,-8.86,0.0,-0.7,0.0,-1
47.102,-21.98,143.54,-8.79,0.0,-0.7,0.0,-1
47.173,-21.99,143.55,-8.69,0.0,-0.7,0.0,-1
47.243,-22.0,143.55,-8.59,0.0,-0.7,0.0,-1
47.292,-22.0,143.55,-8.52,0.0,-0.7,0.0,-1
47.36,-22.0,143.55,-8.44,0.0,-0.7,0.0,-1
47.428,-22.01,143.56,-8.35,0.0,-0.7,0.0,-1
47.496,-22.01,143.56,-8.28,0.0,-0.7,0.0,-1
47.563,-22.02,143.56,-8.2,0.0,-0.7,0.0,-1
47.61,-22.02,143.56,-8.16,0.0,-0.7,0.0,-1
47.68,-22.02,143.56,-8.15,0.0,-0.7,0.0,-1
47.749,-22.02,143.56,-8.15,0.0,-0.7,0.0,-1
47.819,-22.02,143.56,-8.15,0.0,-0.7,0.0,-1
47.887,-22.02,143.56,-8.15,0.0,-0.7,0.0,-1
47.932,-22.02,143.56,-8.15,0.0,-0.7,0.0,-1
48.0,-22.02,143.56,-8.15,0.0,-0.7,0.0,-1
48.067,-22.02,143.56,-8.15,0.0,-0.7,0.0,-1
48.113,-22.02,143.56,-8.15,0.0,-0.7,0.0,-1
48.182,-22.02,143.56,-8.15,0.0,-0.7,0.0,-1
48.273,-22.02,143.56,-8.15,0.0,-0.7,0.0,-1
48.319,-22.02,143.56,-8.15,0.0,-0.7,0.0,-1
48.389,-22.02,143.56,-8.15,0.0,-0.7,0.0,-1
48.456,-22.02,143.56,-8.15,0.0,-0.7,0.0,-1
48.524,-22.02,143.56,-8.15,0.0,-0.7,0.0,-1
48.592,-22.02,143.56,-8.15,0.0,0.0,0.0,-1
48.637,-22.02,143.56,-8.15,0.0,0.0,0.0,-1
48.705,-22.02,143.56,-8.15,0.0,0.0,0.0,-1
48.772,-22.02,143.56,-8.15,0.0,0.0,0.0,-1
48.817,-22.02,143.56,-8.15,0.0,0.0,0.0,-1
48.909,-22.02,143.56,-8.15,0.0,0.0,0.0,-1
48.976,-22.02,143.56,-8.15,0.0,0.0,0.0,-1
49.045,-22.02,143.56,-8.15,0.0,0.0,0.0,-1
49.09,-22.02,143.56,-8.15,0.0,0.0,0.0,-1
49.158,-22.02,143.56,-8.15,0.0,0.0,0.0,-1
49.226,-22.02,143.56,-8.15,0.0,0.0,0.0,1
49.296,-22.02,143.56,-8.15,0.0,0.0,0.0,1
49.343,-22.02,143.56,-8.15,0.0,0.0,0.0,1
49.412,-22.02,143.56,-8.15,0.0,0.0,0.0,1
49.479,-22.02,143.56,-8.15,0.0,0.0,0.0,1
49.547,-22.02,143.56,-8.15,0.0,0.0,0.0,1
49.617,-22.02,143.56,-8.15,0.0,0.0,0.0,1
49.664,-22.02,143.56,-8.15,0.0,0.0,0.0,1
49.732,-22.02,143.56,-8.15,0.0,0.0,0.0,1
49.801,-22.02,143.56,-8.15,0.0,0.0,0.0,1
49.868,-22.02,143.56,-8.15,0.0,0.0,0.0,1
49.935,-22.02,143.56,-8.15,0.0,0.0,0.0,1
49.98,-22.02,143.56,-8.15,0.0,0.0,0.0,1
50.049,-22.02,143.56,-8.15,0.0,0.0,0.0,1
50.117,-22.02,143.56,-8.15,0.0,0.0,0.0,1
50.186,-22.02,143.56,-8.15,0.0,0.0,0.0,1
50.232,-22.02,143.56,-8.15,0.0,0.1,0.0,1
50.322,-22.02,143.56,-8.15,0.0,0.1,0.0,1
50.368,-22.02,143.56,-8.15,0.0,0.1,0.0,1
50.436,-22.02,143.56,-8.15,0.0,0.2,0.0,1
50.505,-22.02,143.56,-8.15,0.0,0.2,0.0,1
50.577,-22.02,143.56,-8.15,0.0,0.2,0.0,1
50.622,-22.02,143.56,-8.15,0.0,0.2,0.0,1
50.691,-22.02,143.56,-8.15,0.0,0.3,0.0,1
50.761,-22.02,143.56,-8.15,0.0,0.3,0.0,1
50.828,-22.02,143.56,-8.15,0.0,0.3,0.0,1
50.896,-22.02,143.56,-8.15,0.0,0.4,0.0,1
50.964,-22.02,143.56,-8.15,0.0,0.4,0.0,1
51.009,-22.02,143.56,-8.15,0.0,0.4,0.0,1
51.076,-22.02,143.56,-8.15,0.0,0.5,0.0,1
51.145,-22.02,143.56,-8.15,0.0,0.5,0.0,1
51.213,-22.02,143.56,-8.15,0.0,0.5,0.0,1
51.281,-22.02,143.56,-8.15,0.0,0.6,0.0,1
51.348,-22.02,143.56,-8.15,0.0,0.6,0.0,1
51.394,-22.02,143.56,-8.15,0.0,0.6,0.0,1
51.463,-22.02,143.56,-8.15,0.0,0.7,0.0,1
51.51,-22.02,143.56,-8.15,0.0,0.7,0.0,1
51.6,-22.02,143.56,-8.15,0.0,0.7,0.0,1
51.646,-22.02,143.56,-8.15,0.0,0.7,0.0,1
51.715,-22.02,143.56,-8.15,0.0,0.7,0.0,1
51.784,-22.02,143.56,-8.15,0.0,0.7,0.0,1
51.852,-22.02,143.56,-8.15,0.0,0.7,0.0,1
51.919,-22.02,143.56,-8.13,0.04,0.7,0.0,1
51.987,-22.02,143.56,-8.11,0.07,0.7,0.0,1
52.032,-22.02,143.56,-8.1,0.11,0.7,0.0,1
52.099,-22.02,143.56,-8.09,0.16,0.7,0.0,1
52.169,-22.02,143.56,-8.06,0.2,0.7,0.0,1
52.239,-22.01,143.56,-8.04,0.24,0.7,0.0,1
52.308,-22.01,143.56,-8.01,0.27,0.7,0.0,1
52.353,-22.01,143.56,-7.95,0.0,0.7,0.0,1
52.4,-22.0,143.57,-7.77,0.0,0.7,0.0,1
52.494,-21.99,143.57,-7.58,0.0,0.7,0.0,1
52.539,-21.98,143.57,-7.45,0.0,0.7,0.0,1
52.608,-21.97,143.57,-7.25,0.0,0.7,0.0,1
52.677,-21.96,143.58,-7.07,0.02,0.7,0.0,1
52.746,-21.95,143.58,-6.91,0.07,0.7,0.0,1
52.794,-21.94,143.58,-6.77,0.1,0.7,0.0,1
52.864,-21.94,143.58,-6.69,0.14,0.7,0.0,1
52.932,-21.93,143.59,-6.56,0.0,0.7,0.0,1
53.0,-21.92,143.59,-6.39,0.0,0.7,0.0,1
53.067,-21.91,143.59,-6.22,0.0,0.7,0.0,1
53.134,-21.9,143.59,-6.05,0.0,0.7,0.0,1
53.202,-21.89,143.6,-5.88,0.0,0.7,0.0,1
53.249,-21.88,143.6,-5.77,0.0,0.7,0.0,1
53.317,-21.87,143.6,-5.62,0.0,0.0,0.0,1
53.386,-21.86,143.6,-5.53,0.0,0.0,0.0,1
53.454,-21.85,143.6,-5.52,0.0,0.0,0.0,1
53.521,-21.85,143.6,-5.52,0.0,0.0,0.0,1
53.565,-21.84,143.6,-5.52,0.0,0.0,0.0,1
53.634,-21.83,143.6,-5.5,0.0,0.1,0.0,1
53.702,-21.83,143.6,-5.49,0.0,0.1,0.0,1
53.748,-21.82,143.6,-5.47,0.0,0.1,0.0,1
53.84,-21.81,143.6,-5.44,0.0,0.2,0.0,1
53.885,-21.81,143.6,-5.43,0.0,0.2,0.0,1
53.953,-21.8,143.6,-5.4,0.0,0.2,0.0,1
54.022,-21.8,143.6,-5.38,0.0,0.3,0.0,1
54.091,-21.8,143.6,-5.38,0.0,0.3,0.0,1
54.159,-21.8,143.6,-5.38,0.0,0.3,0.0,1
54.227,-21.8,143.6,-5.38,0.0,0.4,0.0,1
54.273,-21.8,143.6,-5.38,0.0,0.4,0.0,1
54.341,-21.8,143.6,-5.38,0.0,0.4,0.0,1
54.411,-21.8,143.6,-5.38,0.0,0.5,0.0,1
54.478,-21.8,143.6,-5.38,0.0,0.5,0.0,1
54.522,-21.8,143.6,-5.38,0.0,0.5,0.0,1
54.591,-21.8,143.6,-5.38,0.0,0.6,0.0,1
54.657,-21.8,143.6,-5.38,0.0,0.6,0.0,1
54.723,-21.8,143.6,-5.38,0.0,0.6,0.0,1
54.791,-21.8,143.6,-5.38,0.0,0.7,0.0,1
54.835,-21.8,143.6,-5.38,0.0,0.7,0.0,1
54.926,-21.8,143.6,-5.38,0.0,0.7,0.0,1
54.993,-21.8,143.6,-5.38,0.0,0.7,0.0,1
55.038,-21.8,143.6,-5.38,0.0,0.7,0.0,1
55.105,-21.8,143.6,-5.38,0.0,0.7,0.0,1
55.174,-21.8,143.6,-5.38,0.0,0.7,0.0,1
55.244,-21.8,143.6,-5.38,0.0,0.7,0.0,1
55.31,-21.8,143.6,-5.38,0.0,0.7,0.0,1
55.376,-21.8,143.6,-5.38,0.0,0.7,0.0,1
55.422,-21.8,143.6,-5.38,0.0,0.7,0.0,1
55.489,-21.8,143.6,-5.38,0.0,0.7,0.0,1
55.561,-21.8,143.6,-5.38,0.0,0.7,0.0,1
55.606,-21.8,143.6,-5.38,0.0,0.7,0.0,1
55.675,-21.8,143.6,-5.38,0.0,0.7,0.0,1
55.742,-21.8,143.6,-5.38,0.0,0.7,0.0,1
55.81,-21.8,143.6,-5.38,0.0,0.7,0.0,1
55.881,-21.8,143.6,-5.37,0.0,0.7,0.0,1
55.95,-21.8,143.6,-5.37,0.02,0.7,0.0,1
56.017,-21.8,143.6,-5.37,0.06,0.7,0.0,1
56.064,-21.8,143.6,-5.37,0.09,0.7,0.0,1
56.132,-21.8,143.6,-5.38,0.0,0.7,0.0,1
56.201,-21.8,143.6,-5.36,0.0,0.7,0.0,1
56.246,-21.8,143.6,-5.32,0.03,0.7,0.0,1
56.338,-21.79,143.6,-5.28,0.07,0.7,0.0,1
56.382,-21.79,143.6,-5.26,0.0,0.7,0.0,1
56.452,-21.79,143.6,-5.2,0.0,0.7,0.0,1
56.497,-21.79,143.6,-5.14,0.02,0.7,0.0,1
56.59,-21.78,143.6,-5.07,0.06,0.7,0.0,1
56.658,-21.78,143.6,-5.01,0.0,0.7,0.0,1
56.704,-21.78,143.6,-4.97,0.0,0.7,0.0,1
56.773,-21.77,143.61,-4.9,0.01,0.7,0.0,1
56.843,-21.77,143.61,-4.88,0.05,0.7,0.0,1
56.913,-21.77,143.61,-4.86,0.08,0.7,0.0,1
56.959,-21.77,143.61,-4.83,0.0,0.7,0.0,1
57.026,-21.77,143.61,-4.78,0.0,0.7,0.0,1
57.098,-21.76,143.61,-4.74,0.04,0.7,0.0,1
57.165,-21.76,143.61,-4.71,0.0,0.7,0.0,1
57.234,-21.76,143.61,-4.66,0.0,0.7,0.0,1
57.28,-21.76,143.61,-4.62,0.01,0.7,0.0,1
57.347,-21.75,143.61,-4.58,0.05,0.7,0.0,1
57.415,-21.75,143.61,-4.53,0.0,0.7,0.0,1
57.483,-21.75,143.61,-4.47,0.0,0.7,0.0,1
57.55,-21.75,143.61,-4.41,0.02,0.7,0.0,1
57.619,-21.74,143.61,-4.37,0.05,0.7,0.0,1
57.665,-21.74,143.61,-4.34,0.0,0.7,0.0,1
57.736,-21.74,143.62,-4.28,0.0,0.7,0.0,1
57.803,-21.73,143.62,-4.22,0.04,0.7,0.0,1
57.872,-21.73,143.62,-4.17,0.0,0.7,0.0,1
57.939,-21.73,143.62,-4.13,0.0,0.7,0.0,1
57.984,-21.73,143.62,-4.09,0.0,0.7,0.0,1
58.051,-21.73,143.62,-4.07,0.04,0.7,0.0,1
58.12,-21.72,143.62,-4.05,0.0,0.7,0.0,1
58.165,-21.72,143.62,-4.01,0.0,0.7,0.0,1
58.255,-21.72,143.62,-3.96,0.0,0.7,0.0,1
58.301,-21.72,143.62,-3.93,0.0,0.7,0.0,1
58.369,-21.72,143.62,-3.88,0.0,0.7,0.0,1
58.438,-21.71,143.62,-3.84,0.0,0.7,0.0,1
58.506,-21.71,143.62,-3.8,0.0,0.7,0.0,1
58.573,-21.71,143.62,-3.76,0.0,0.7,0.0,1
58.639,-21.71,143.63,-3.73,0.0,0.7,0.0,1
58.685,-21.7,143.63,-3.71,0.0,0.7,0.0,1
58.757,-21.7,143.63,-3.68,0.0,0.7,0.0,1
58.828,-21.7,143.63,-3.65,0.0,0.7,0.0,1
58.896,-21.7,143.63,-3.63,0.0,0.7,0.0,1
58.964,-21.7,143.63,-3.61,0.0,0.7,0.0,1
59.008,-21.7,143.63,-3.6,0.0,0.7,0.0,1
59.077,-21.7,143.63,-3.58,0.0,0.7,0.0,1
59.122,-21.7,143.63,-3.58,0.0,0.7,0.0,1
59.212,-21.7,143.63,-3.58,0.0,0.7,0.0,1
59.259,-21.7,143.63,-3.58,0.0,0.7,0.0,1
59.328,-21.7,143.63,-3.58,0.0,0.7,0.0,1
59.397,-21.7,143.63,-3.58,0.0,0.7,0.0,1
59.455,-21.7,143.63,-3.58,0.0,0.7,0.0,1
59.522,-21.7,143.63,-3.58,0.0,0.7,0.0,1
59.59,-21.7,143.63,-3.58,0.0,0.7,0.0,1
59.658,-21.7,143.63,-3.58,0.0,0.7,0.0,1
59.726,-21.7,143.63,-3.58,0.0,0.7,0.0,1
59.792,-21.7,143.63,-3.58,0.0,0.7,0.0,1
59.837,-21.7,143.63,-3.58,0.0,0.7,0.0,1
59.905,-21.7,143.63,-3.58,0.0,0.7,0.0,1
59.974,-21.7,143.63,-3.58,0.0,0.7,0.0,1
60.044,-21.7,143.63,-3.58,0.0,0.7,0.0,1
60.113,-21.7,143.63,-3.58,0.0,0.7,0.0,1
60.159,-21.7,143.63,-3.58,0.0,0.7,0.0,1
60.226,-21.7,143.63,-3.58,0.0,0.7,0.0,1
60.296,-21.7,143.63,-3.58,0.0,0.7,0.0,1
60.366,-21.7,143.63,-3.58,0.0,0.7,0.0,1
60.435,-21.7,143.63,-3.58,0.0,0.7,0.0,1
60.481,-21.7,143.63,-3.58,0.0,0.7,0.0,1
60.55,-21.7,143.63,-3.58,0.0,0.7,0.0,1
60.618,-21.7,143.63,-3.58,0.0,0.7,0.0,1
60.685,-21.7,143.63,-3.58,0.0,0.7,0.0,1
60.753,-21.7,143.63,-3.58,0.0,0.7,0.0,1
60.799,-21.7,143.63,-3.58,0.0,0.7,0.0,1
60.865,-21.7,143.63,-3.58,0.0,0.7,0.0,1
60.931,-21.7,143.63,-3.58,0.0,0.7,0.0,1
61.001,-21.7,143.63,-3.58,0.0,0.7,0.0,1
61.071,-21.7,143.63,-3.58,0.0,0.7,0.0,1
61.138,-21.7,143.63,-3.58,0.0,0.7,0.0,1
61.184,-21.7,143.63,-3.58,0.0,0.7,0.0,1
61.252,-21.7,143.63,-3.58,0.03,0.7,0.0,1
61.323,-21.7,143.63,-3.59,0.07,0.7,0.0,1
61.393,-21.7,143.63,-3.61,0.1,0.7,0.0,1
61.44,-21.7,143.63,-3.62,0.14,0.7,0.0,1
61.509,-21.7,143.63,-3.64,0.19,0.7,0.0,1
61.581,-21.7,143.63,-3.66,0.23,0.7,0.0,1
61.65,-21.7,143.63,-3.64,0.0,0.7,0.0,1
61.698,-21.7,143.63,-3.57,0.0,0.7,0.0,1
61.765,-21.69,143.63,-3.45,0.0,0.7,0.0,1
61.832,-21.68,143.63,-3.33,0.02,0.7,0.0,1
61.899,-21.67,143.63,-3.2,0.06,0.7,0.0,1
61.968,-21.67,143.64,-3.12,0.1,0.7,0.0,1
62.036,-21.67,143.64,-3.03,0.13,0.7,0.0,1
62.081,-21.66,143.64,-2.99,0.0,0.7,0.0,1
62.147,-21.66,143.64,-2.87,0.0,0.7,0.0,1
62.216,-21.65,143.64,-2.73,0.0,0.7,0.0,1
62.284,-21.64,143.65,-2.59,0.0,0.7,0.0,1
62.353,-21.63,143.65,-2.46,0.0,0.7,0.0,1
62.4,-21.63,143.65,-2.37,0.0,0.7,0.0,1
62.469,-21.62,143.65,-2.25,0.0,0.7,0.0,1
62.538,-21.61,143.65,-2.13,0.0,0.7,0.0,1
62.607,-21.61,143.66,-2.03,0.0,0.7,0.0,1
62.651,-21.6,143.66,-1.93,0.0,0.7,0.0,1
62.719,-21.6,143.66,-1.87,0.0,0.7,0.0,1
62.789,-21.59,143.66,-1.78,0.02,0.7,0.0,1
62.857,-21.59,143.66,-1.7,0.06,0.7,0.0,1
62.902,-21.58,143.66,-1.63,0.1,0.7,0.0,1
62.993,-21.58,143.67,-1.55,0.0,0.7,0.0,1
63.059,-21.57,143.67,-1.46,0.0,0.7,0.0,1
63.104,-21.57,143.67,-1.4,0.0,0.7,0.0,1
63.171,-21.57,143.67,-1.31,0.0,0.7,0.0,1
63.238,-21.56,143.67,-1.23,0.0,0.7,0.0,1
63.306,-21.56,143.67,-1.16,0.0,0.7,0.0,1
63.353,-21.55,143.68,-1.08,0.0,0.7,0.0,1
63.422,-21.55,143.68,-1.02,0.0,0.7,0.0,1
63.489,-21.55,143.68,-0.98,0.0,0.0,0.0,1
63.561,-21.54,143.68,-0.96,0.0,0.0,0.0,1
63.628,-21.54,143.68,-0.95,0.0,0.0,0.0,1
63.696,-21.54,143.68,-0.95,0.0,0.0,0.0,1
63.743,-21.53,143.68,-0.95,0.0,0.0,0.0,1
63.809,-21.53,143.68,-0.95,0.0,0.1,0.0,1
63.876,-21.53,143.68,-0.94,0.0,0.1,0.0,1
63.943,-21.52,143.68,-0.94,0.0,0.1,0.0,1
64.01,-21.52,143.68,-0.94,0.0,0.2,0.0,1
64.079,-21.52,143.68,-0.93,0.01,0.2,0.0,1
64.148,-21.52,143.68,-0.94,0.04,0.2,0.0,1
64.192,-21.52,143.68,-0.93,0.08,0.3,0.0,1
64.26,-21.52,143.68,-0.93,0.0,0.3,0.0,1
64.327,-21.52,143.68,-0.91,0.0,0.3,0.0,1
64.394,-21.52,143.68,-0.9,0.0,0.4,0.0,1
64.459,-21.52,143.68,-0.89,0.0,0.0,0.0,1
64.527,-21.52,143.68,-0.89,0.0,0.0,0.0,1
64.572,-21.52,143.68,-0.89,0.0,0.0,0.0,1
64.643,-21.51,143.68,-0.89,0.0,0.0,0.0,1
64.711,-21.51,143.68,-0.89,0.0,0.0,0.0,1
64.758,-21.51,143.68,-0.89,0.0,0.0,0.0,1
64.829,-21.51,143.68,-0.89,0.0,0.0,0.0,1
64.898,-21.51,143.68,-0.89,0.0,0.0,0.0,1
64.969,-21.51,143.68,-0.89,0.0,0.0,0.0,1
65.039,-21.51,143.68,-0.89,0.0,0.0,0.0,1
65.086,-21.5,143.68,-0.89,0.0,0.0,0.0,1
65.156,-21.5,143.68,-0.89,0.0,0.0,1.0,1
65.226,-21.5,143.68,-0.89,0.0,0.0,1.0,1
65.294,-21.5,143.68,-0.89,0.0,0.0,1.0,1
65.341,-21.5,143.68,-0.89,0.0,0.0,1.0,1
65.409,-21.5,143.68,-0.89,0.0,0.0,1.0,1
65.479,-21.5,143.68,-0.89,0.0,0.0,1.0,1
65.547,-21.5,143.68,-0.89,0.0,0.0,1.0,1
65.615,-21.5,143.68,-0.89,0.0,0.0,0.0,1
65.682,-21.5,143.68,-0.89,0.0,0.0,0.0,1
65.728,-21.5,143.68,-0.89,0.0,0.0,0.0,1
65.796,-21.5,143.68,-0.89,0.0,0.0,0.0,1
65.841,-21.5,143.68,-0.89,0.0,0.0,0.0,1
65.91,-21.5,143.68,-0.89,0.0,0.0,0.0,1
66.0,-21.5,143.68,-0.89,0.0,0.0,0.0,1
66.046,-21.5,143.68,-0.89,0.0,0.0,0.0,1
66.114,-21.5,143.68,-0.89,0.0,0.0,0.0,1
66.184,-21.5,143.68,-0.89,0.0,0.0,0.0,1
66.251,-21.5,143.68,-0.89,0.0,0.0,0.0,1
66.318,-21.5,143.68,-0.89,0.0,0.0,0.0,1
66.363,-21.5,143.68,-0.89,0.0,0.0,0.0,1
66.431,-21.5,143.68,-0.89,0.0,0.0,0.0,1
66.498,-21.5,143.68,-0.89,0.0,0.0,0.0,1
66.564,-21.5,143.68,-0.89,0.0,0.0,0.0,1
66.61,-21.5,143.68,-0.89,0.0,0.0,0.0,1
66.7,-21.5,143.68,-0.89,0.0,0.0,0.0,1
66.768,-21.5,143.68,-0.89,0.0,0.0,0.0,1
66.813,-21.5,143.68,-0.89,0.0,0.0,0.0,1
66.88,-21.5,143.68,-0.89,0.0,0.0,0.0,1
66.948,-21.5,143.68,-0.89,0.0,0.0,0.0,1
67.017,-21.5,143.68,-0.89,0.0,0.0,0.0,1
67.084,-21.5,143.68,-0.89,0.0,0.0,0.0,1
67.15,-21.5,143.68,-0.89,0.0,0.0,0.0,1
67.216,-21.5,143.68,-0.89,0.0,0.0,0.0,1
67.261,-21.5,143.68,-0.89,0.0,0.0,0.0,1
67.329,-21.5,143.68,-0.89,0.0,0.0,0.0,1
67.396,-21.5,143.68,-0.89,0.0,0.0,0.0,1
67.464,-21.5,143.68,-0.89,0.0,0.0,0.0,1
67.531,-21.5,143.68,-0.89,0.0,0.0,0.0,1
67.6,-21.5,143.68,-0.89,0.0,0.0,0.0,1
67.644,-21.5,143.68,-0.89,0.0,0.0,0.0,1
67.712,-21.5,143.68,-0.89,0.0,0.0,0.0,1
67.778,-21.5,143.68,-0.89,0.0,0.0,0.0,1
67.825,-21.5,143.68,-0.89,0.0,0.0,0.0,1
67.914,-21.5,143.68,-0.89,0.0,0.0,0.0,1
67.982,-21.5,143.68,-0.89,0.0,0.0,0.0,1
68.049,-21.5,143.68,-0.89,0.0,0.0,0.0,1
68.093,-21.5,143.68,-0.89,0.0,0.0,0.0,1
